{
    "5134104168": [
        [
            1.0,
            0.0,
            0.0,
            0.0,
            -0.0,
            1.0,
            0.0,
            0.0,
            0.0,
            -0.0,
            1.0,
            0.0,
            0.0,
            0.0,
            0.0533333333333333,
            1.0
        ],
        [
            0.9997996060925097,
            0.02001868270547348,
            0.0,
            0.0,
            -0.02001868270547348,
            0.9997996060925097,
            0.0,
            0.0,
            0.0,
            -0.0,
            1.0,
            0.0,
            0.010010010010010012,
            0.0,
            0.0533333333333333,
            1.0
        ],
        [
            0.9991985046854751,
            0.04002934216684666,
            0.0,
            0.0,
            -0.04002934216684666,
            0.9991985046854751,
            0.0,
            0.0,
            0.0,
            -0.0,
            1.0,
            0.0,
            0.020020020020020027,
            0.0,
            0.0533333333333333,
            1.0
        ],
        [
            0.9981969366930158,
            0.06002395835563766,
            0.0,
            0.0,
            -0.06002395835563766,
            0.9981969366930158,
            0.0,
            0.0,
            0.0,
            -0.0,
            1.0,
            0.0,
            0.03003003003003004,
            0.0,
            0.0533333333333333,
            1.0
        ],
        [
            0.996795303531379,
            0.07999451767331282,
            0.0,
            0.0,
            -0.07999451767331282,
            0.996795303531379,
            0.0,
            0.0,
            0.0,
            -0.0,
            1.0,
            0.0,
            0.040040040040040054,
            0.0,
            0.0533333333333333,
            1.0
        ],
        [
            0.994994166958057,
            0.09993301616303925,
            0.0,
            0.0,
            -0.09993301616303925,
            0.994994166958057,
            0.0,
            0.0,
            0.0,
            -0.0,
            1.0,
            0.0,
            0.050050050050050046,
            0.0,
            0.0533333333333333,
            1.0
        ],
        [
            0.9927942488466414,
            0.1198314627175733,
            0.0,
            0.0,
            -0.1198314627175733,
            0.9927942488466414,
            0.0,
            0.0,
            0.0,
            -0.0,
            1.0,
            0.0,
            0.060060060060060066,
            0.0,
            0.0533333333333333,
            1.0
        ],
        [
            0.9901964308975052,
            0.13968188228199888,
            0.0,
            0.0,
            -0.13968188228199888,
            0.9901964308975052,
            0.0,
            0.0,
            0.0,
            -0.0,
            1.0,
            0.0,
            0.07007007007007009,
            0.0,
            0.0533333333333333,
            1.0
        ],
        [
            0.9872017542844281,
            0.15947631905003223,
            0.0,
            0.0,
            -0.15947631905003223,
            0.9872017542844281,
            0.0,
            0.0,
            0.0,
            -0.0,
            1.0,
            0.0,
            0.0800800800800801,
            0.0,
            0.0533333333333333,
            1.0
        ],
        [
            0.9838114192373063,
            0.17920683965261236,
            0.0,
            0.0,
            -0.17920683965261236,
            0.9838114192373063,
            0.0,
            0.0,
            0.0,
            -0.0,
            1.0,
            0.0,
            0.0900900900900901,
            0.0,
            0.0533333333333333,
            1.0
        ],
        [
            0.9800267845611155,
            0.1988655363374986,
            0.0,
            0.0,
            -0.1988655363374986,
            0.9800267845611155,
            0.0,
            0.0,
            0.0,
            -0.0,
            1.0,
            0.0,
            0.10010010010010012,
            0.0,
            0.0533333333333333,
            1.0
        ],
        [
            0.975849367091318,
            0.21844453013860116,
            0.0,
            0.0,
            -0.21844453013860116,
            0.975849367091318,
            0.0,
            0.0,
            0.0,
            -0.0,
            1.0,
            0.0,
            0.11011011011011013,
            0.0,
            0.0533333333333333,
            1.0
        ],
        [
            0.9712808410859337,
            0.237935974033775,
            0.0,
            0.0,
            -0.237935974033775,
            0.9712808410859337,
            0.0,
            0.0,
            0.0,
            -0.0,
            1.0,
            0.0,
            0.12012012012012013,
            0.0,
            0.0533333333333333,
            1.0
        ],
        [
            0.9663230375545181,
            0.2573320560898106,
            0.0,
            0.0,
            -0.2573320560898106,
            0.9663230375545181,
            0.0,
            0.0,
            0.0,
            -0.0,
            1.0,
            0.0,
            0.13013013013013014,
            0.0,
            0.0533333333333333,
            1.0
        ],
        [
            0.9609779435243156,
            0.2766250025933615,
            0.0,
            0.0,
            -0.2766250025933615,
            0.9609779435243156,
            0.0,
            0.0,
            0.0,
            -0.0,
            1.0,
            0.0,
            0.14014014014014017,
            0.0,
            0.0533333333333333,
            1.0
        ],
        [
            0.9552477012438835,
            0.29580708116655396,
            0.0,
            0.0,
            -0.29580708116655396,
            0.9552477012438835,
            0.0,
            0.0,
            0.0,
            -0.0,
            1.0,
            0.0,
            0.15015015015015018,
            0.0,
            0.0533333333333333,
            1.0
        ],
        [
            0.9491346073245046,
            0.31487060386603,
            0.0,
            0.0,
            -0.31487060386603,
            0.9491346073245046,
            0.0,
            0.0,
            0.0,
            -0.0,
            1.0,
            0.0,
            0.16016016016016021,
            0.0,
            0.0533333333333333,
            1.0
        ],
        [
            0.9426411118197338,
            0.3338079302641809,
            0.0,
            0.0,
            -0.3338079302641809,
            0.9426411118197338,
            0.0,
            0.0,
            0.0,
            -0.0,
            1.0,
            0.0,
            0.17017017017017022,
            0.0,
            0.0533333333333333,
            1.0
        ],
        [
            0.9357698172434458,
            0.35261147051133795,
            0.0,
            0.0,
            -0.35261147051133795,
            0.9357698172434458,
            0.0,
            0.0,
            0.0,
            -0.0,
            1.0,
            0.0,
            0.18018018018018023,
            0.0,
            0.0533333333333333,
            1.0
        ],
        [
            0.92852347752678,
            0.3712736883776918,
            0.0,
            0.0,
            -0.3712736883776918,
            0.92852347752678,
            0.0,
            0.0,
            0.0,
            -0.0,
            1.0,
            0.0,
            0.19019019019019026,
            0.0,
            0.0533333333333333,
            1.0
        ],
        [
            0.9209049969143981,
            0.3897871042737209,
            0.0,
            0.0,
            -0.3897871042737209,
            0.9209049969143981,
            0.0,
            0.0,
            0.0,
            -0.0,
            1.0,
            0.0,
            0.20020020020020027,
            0.0,
            0.0533333333333333,
            1.0
        ],
        [
            0.9129174288004981,
            0.40814429824792053,
            0.0,
            0.0,
            -0.40814429824792053,
            0.9129174288004981,
            0.0,
            0.0,
            0.0,
            -0.0,
            1.0,
            0.0,
            0.21021021021021027,
            0.0,
            0.0533333333333333,
            1.0
        ],
        [
            0.9045639745050515,
            0.42633791296062856,
            0.0,
            0.0,
            -0.42633791296062856,
            0.9045639745050515,
            0.0,
            0.0,
            0.0,
            -0.0,
            1.0,
            0.0,
            0.22022022022022028,
            0.0,
            0.0533333333333333,
            1.0
        ],
        [
            0.8958479819907529,
            0.44436065663275776,
            0.0,
            0.0,
            -0.44436065663275776,
            0.8958479819907529,
            0.0,
            0.0,
            0.0,
            -0.0,
            1.0,
            0.0,
            0.2302302302302303,
            0.0,
            0.0533333333333333,
            1.0
        ],
        [
            0.8867729445211975,
            0.46220530596825177,
            0.0,
            0.0,
            -0.46220530596825177,
            0.8867729445211975,
            0.0,
            0.0,
            0.0,
            -0.0,
            1.0,
            0.0,
            0.2402402402402403,
            0.0,
            0.0533333333333333,
            1.0
        ],
        [
            0.8773424992608234,
            0.4798647090490944,
            0.0,
            0.0,
            -0.4798647090490944,
            0.8773424992608234,
            0.0,
            0.0,
            0.0,
            -0.0,
            1.0,
            0.0,
            0.25025025025025033,
            0.0,
            0.0533333333333333,
            1.0
        ],
        [
            0.8675604258171812,
            0.49733178820171087,
            0.0,
            0.0,
            -0.49733178820171087,
            0.8675604258171812,
            0.0,
            0.0,
            0.0,
            -0.0,
            1.0,
            0.0,
            0.26026026026026033,
            0.0,
            0.0533333333333333,
            1.0
        ],
        [
            0.8574306447261119,
            0.5145995428336135,
            0.0,
            0.0,
            -0.5145995428336135,
            0.8574306447261119,
            0.0,
            0.0,
            0.0,
            -0.0,
            1.0,
            0.0,
            0.27027027027027034,
            0.0,
            0.0533333333333333,
            1.0
        ],
        [
            0.8469572158804455,
            0.531661052239154,
            0.0,
            0.0,
            -0.531661052239154,
            0.8469572158804455,
            0.0,
            0.0,
            0.0,
            -0.0,
            1.0,
            0.0,
            0.28028028028028035,
            0.0,
            0.0533333333333333,
            1.0
        ],
        [
            0.8361443369028443,
            0.5485094783732574,
            0.0,
            0.0,
            -0.5485094783732574,
            0.8361443369028443,
            0.0,
            0.0,
            0.0,
            -0.0,
            1.0,
            0.0,
            0.2902902902902904,
            0.0,
            0.0533333333333333,
            1.0
        ],
        [
            0.8249963414634475,
            0.5651380685920272,
            0.0,
            0.0,
            -0.5651380685920272,
            0.8249963414634475,
            0.0,
            0.0,
            0.0,
            -0.0,
            1.0,
            0.0,
            0.3003003003003004,
            0.0,
            0.0533333333333333,
            1.0
        ],
        [
            0.8135176975429885,
            0.5815401583591238,
            0.0,
            0.0,
            -0.5815401583591238,
            0.8135176975429885,
            0.0,
            0.0,
            0.0,
            -0.0,
            1.0,
            0.0,
            0.3103103103103104,
            0.0,
            0.0533333333333333,
            1.0
        ],
        [
            0.8017130056420833,
            0.5977091739168281,
            0.0,
            0.0,
            -0.5977091739168281,
            0.8017130056420833,
            0.0,
            0.0,
            0.0,
            -0.0,
            1.0,
            0.0,
            0.32032032032032043,
            0.0,
            0.0533333333333333,
            1.0
        ],
        [
            0.7895869969374052,
            0.6136386349207243,
            0.0,
            0.0,
            -0.6136386349207243,
            0.7895869969374052,
            0.0,
            0.0,
            0.0,
            -0.0,
            1.0,
            0.0,
            0.33033033033033044,
            0.0,
            0.0533333333333333,
            1.0
        ],
        [
            0.7771445313854876,
            0.6293221570369432,
            0.0,
            0.0,
            -0.6293221570369432,
            0.7771445313854876,
            0.0,
            0.0,
            0.0,
            -0.0,
            1.0,
            0.0,
            0.34034034034034044,
            0.0,
            0.0533333333333333,
            1.0
        ],
        [
            0.7643905957749118,
            0.6447534545009243,
            0.0,
            0.0,
            -0.6447534545009243,
            0.7643905957749118,
            0.0,
            0.0,
            0.0,
            -0.0,
            1.0,
            0.0,
            0.35035035035035045,
            0.0,
            0.0533333333333333,
            1.0
        ],
        [
            0.7513303017276637,
            0.6599263426366748,
            0.0,
            0.0,
            -0.6599263426366748,
            0.7513303017276637,
            0.0,
            0.0,
            0.0,
            -0.0,
            1.0,
            0.0,
            0.36036036036036045,
            0.0,
            0.0533333333333333,
            1.0
        ],
        [
            0.7379688836504574,
            0.6748347403355118,
            0.0,
            0.0,
            -0.6748347403355118,
            0.7379688836504574,
            0.0,
            0.0,
            0.0,
            -0.0,
            1.0,
            0.0,
            0.37037037037037046,
            0.0,
            0.0533333333333333,
            1.0
        ],
        [
            0.7243116966368492,
            0.6894726724932968,
            0.0,
            0.0,
            -0.6894726724932968,
            0.7243116966368492,
            0.0,
            0.0,
            0.0,
            -0.0,
            1.0,
            0.0,
            0.3803803803803805,
            0.0,
            0.0533333333333333,
            1.0
        ],
        [
            0.7103642143209812,
            0.7038342724051844,
            0.0,
            0.0,
            -0.7038342724051844,
            0.7103642143209812,
            0.0,
            0.0,
            0.0,
            -0.0,
            1.0,
            0.0,
            0.39039039039039053,
            0.0,
            0.0533333333333333,
            1.0
        ],
        [
            0.6961320266838149,
            0.7179137841169261,
            0.0,
            0.0,
            -0.7179137841169261,
            0.6961320266838149,
            0.0,
            0.0,
            0.0,
            -0.0,
            1.0,
            0.0,
            0.40040040040040054,
            0.0,
            0.0533333333333333,
            1.0
        ],
        [
            0.6816208378127359,
            0.7317055647317876,
            0.0,
            0.0,
            -0.7317055647317876,
            0.6816208378127359,
            0.0,
            0.0,
            0.0,
            -0.0,
            1.0,
            0.0,
            0.4104104104104107,
            0.0,
            0.0533333333333333,
            1.0
        ],
        [
            0.6668364636154248,
            0.7452040866721507,
            0.0,
            0.0,
            -0.7452040866721507,
            0.6668364636154248,
            0.0,
            0.0,
            0.0,
            -0.0,
            1.0,
            0.0,
            0.4204204204204207,
            0.0,
            0.0533333333333333,
            1.0
        ],
        [
            0.6517848294889119,
            0.7584039398949018,
            0.0,
            0.0,
            -0.7584039398949018,
            0.6517848294889119,
            0.0,
            0.0,
            0.0,
            -0.0,
            1.0,
            0.0,
            0.4304304304304307,
            0.0,
            0.0533333333333333,
            1.0
        ],
        [
            0.6364719679447508,
            0.7712998340597099,
            0.0,
            0.0,
            -0.7712998340597099,
            0.6364719679447508,
            0.0,
            0.0,
            0.0,
            -0.0,
            1.0,
            0.0,
            0.44044044044044073,
            0.0,
            0.0533333333333333,
            1.0
        ],
        [
            0.6209040161912606,
            0.7838866006493304,
            0.0,
            0.0,
            -0.7838866006493304,
            0.6209040161912606,
            0.0,
            0.0,
            0.0,
            -0.0,
            1.0,
            0.0,
            0.45045045045045073,
            0.0,
            0.0533333333333333,
            1.0
        ],
        [
            0.6050872136738085,
            0.796159195041084,
            0.0,
            0.0,
            -0.796159195041084,
            0.6050872136738085,
            0.0,
            0.0,
            0.0,
            -0.0,
            1.0,
            0.0,
            0.46046046046046074,
            0.0,
            0.0533333333333333,
            1.0
        ],
        [
            0.5890278995741154,
            0.8081126985286804,
            0.0,
            0.0,
            -0.8081126985286804,
            0.5890278995741154,
            0.0,
            0.0,
            0.0,
            -0.0,
            1.0,
            0.0,
            0.47047047047047075,
            0.0,
            0.0533333333333333,
            1.0
        ],
        [
            0.5727325102695893,
            0.8197423202935754,
            0.0,
            0.0,
            -0.8197423202935754,
            0.5727325102695893,
            0.0,
            0.0,
            0.0,
            -0.0,
            1.0,
            0.0,
            0.48048048048048075,
            0.0,
            0.0533333333333333,
            1.0
        ],
        [
            0.556207576753704,
            0.8310433993250729,
            0.0,
            0.0,
            -0.8310433993250729,
            0.556207576753704,
            0.0,
            0.0,
            0.0,
            -0.0,
            1.0,
            0.0,
            0.49049049049049076,
            0.0,
            0.0533333333333333,
            1.0
        ],
        [
            0.5394597220184558,
            0.8420114062884008,
            0.0,
            0.0,
            -0.8420114062884008,
            0.5394597220184558,
            0.0,
            0.0,
            0.0,
            -0.0,
            1.0,
            0.0,
            0.5005005005005008,
            0.0,
            0.0533333333333333,
            1.0
        ],
        [
            0.5224956583999499,
            0.8526419453400136,
            0.0,
            0.0,
            -0.8526419453400136,
            0.5224956583999499,
            0.0,
            0.0,
            0.0,
            -0.0,
            1.0,
            0.0,
            0.5105105105105108,
            0.0,
            0.0533333333333333,
            1.0
        ],
        [
            0.5053221848881772,
            0.8629307558893928,
            0.0,
            0.0,
            -0.8629307558893928,
            0.5053221848881772,
            0.0,
            0.0,
            0.0,
            -0.0,
            1.0,
            0.0,
            0.5205205205205208,
            0.0,
            0.0533333333333333,
            1.0
        ],
        [
            0.48794618440206167,
            0.8728737143066396,
            0.0,
            0.0,
            -0.8728737143066396,
            0.48794618440206167,
            0.0,
            0.0,
            0.0,
            -0.0,
            1.0,
            0.0,
            0.5305305305305308,
            0.0,
            0.0533333333333333,
            1.0
        ],
        [
            0.47037462103087124,
            0.8824668355751758,
            0.0,
            0.0,
            -0.8824668355751758,
            0.47037462103087124,
            0.0,
            0.0,
            0.0,
            -0.0,
            1.0,
            0.0,
            0.540540540540541,
            0.0,
            0.0533333333333333,
            1.0
        ],
        [
            0.4526145372430959,
            0.8917062748888887,
            0.0,
            0.0,
            -0.8917062748888887,
            0.4526145372430959,
            0.0,
            0.0,
            0.0,
            -0.0,
            1.0,
            0.0,
            0.550550550550551,
            0.0,
            0.0533333333333333,
            1.0
        ],
        [
            0.43467305106391046,
            0.9005883291930843,
            0.0,
            0.0,
            -0.9005883291930843,
            0.43467305106391046,
            0.0,
            0.0,
            0.0,
            -0.0,
            1.0,
            0.0,
            0.560560560560561,
            0.0,
            0.0533333333333333,
            1.0
        ],
        [
            0.4165573532223582,
            0.9091094386686256,
            0.0,
            0.0,
            -0.9091094386686256,
            0.4165573532223582,
            0.0,
            0.0,
            0.0,
            -0.0,
            1.0,
            0.0,
            0.570570570570571,
            0.0,
            0.0533333333333333,
            1.0
        ],
        [
            0.3982747042693939,
            0.9172661881586647,
            0.0,
            0.0,
            -0.9172661881586647,
            0.3982747042693939,
            0.0,
            0.0,
            0.0,
            -0.0,
            1.0,
            0.0,
            0.580580580580581,
            0.0,
            0.0533333333333333,
            1.0
        ],
        [
            0.37983243166794334,
            0.9250553085373961,
            0.0,
            0.0,
            -0.9250553085373961,
            0.37983243166794334,
            0.0,
            0.0,
            0.0,
            -0.0,
            1.0,
            0.0,
            0.590590590590591,
            0.0,
            0.0533333333333333,
            1.0
        ],
        [
            0.36123792685614586,
            0.9324736780202827,
            0.0,
            0.0,
            -0.9324736780202827,
            0.36123792685614586,
            0.0,
            0.0,
            0.0,
            -0.0,
            1.0,
            0.0,
            0.600600600600601,
            0.0,
            0.0533333333333333,
            1.0
        ],
        [
            0.3424986422849556,
            0.9395183234152286,
            0.0,
            0.0,
            -0.9395183234152286,
            0.3424986422849556,
            0.0,
            0.0,
            0.0,
            -0.0,
            1.0,
            0.0,
            0.6106106106106111,
            0.0,
            0.0533333333333333,
            1.0
        ],
        [
            0.32362208843129014,
            0.9461864213141986,
            0.0,
            0.0,
            -0.9461864213141986,
            0.32362208843129014,
            0.0,
            0.0,
            0.0,
            -0.0,
            1.0,
            0.0,
            0.6206206206206211,
            0.0,
            0.0533333333333333,
            1.0
        ],
        [
            0.3046158307879228,
            0.9524752992248059,
            0.0,
            0.0,
            -0.9524752992248059,
            0.3046158307879228,
            0.0,
            0.0,
            0.0,
            -0.0,
            1.0,
            0.0,
            0.6306306306306311,
            0.0,
            0.0533333333333333,
            1.0
        ],
        [
            0.2854874868313255,
            0.9583824366414139,
            0.0,
            0.0,
            -0.9583824366414139,
            0.2854874868313255,
            0.0,
            0.0,
            0.0,
            -0.0,
            1.0,
            0.0,
            0.6406406406406411,
            0.0,
            0.0533333333333333,
            1.0
        ],
        [
            0.26624472296867685,
            0.9639054660553246,
            0.0,
            0.0,
            -0.9639054660553246,
            0.26624472296867685,
            0.0,
            0.0,
            0.0,
            -0.0,
            1.0,
            0.0,
            0.6506506506506511,
            0.0,
            0.0533333333333333,
            1.0
        ],
        [
            0.24689525146525962,
            0.9690421739036471,
            0.0,
            0.0,
            -0.9690421739036471,
            0.24689525146525962,
            0.0,
            0.0,
            0.0,
            -0.0,
            1.0,
            0.0,
            0.660660660660661,
            0.0,
            0.0533333333333333,
            1.0
        ],
        [
            0.22744682735347813,
            0.9737905014564668,
            0.0,
            0.0,
            -0.9737905014564668,
            0.22744682735347813,
            0.0,
            0.0,
            0.0,
            -0.0,
            1.0,
            0.0,
            0.6706706706706711,
            0.0,
            0.0533333333333333,
            1.0
        ],
        [
            0.2079072453247376,
            0.978148545641959,
            0.0,
            0.0,
            -0.978148545641959,
            0.2079072453247376,
            0.0,
            0.0,
            0.0,
            -0.0,
            1.0,
            0.0,
            0.6806806806806811,
            0.0,
            0.0533333333333333,
            1.0
        ],
        [
            0.1882843366054247,
            0.9821145598091168,
            0.0,
            0.0,
            -0.9821145598091168,
            0.1882843366054247,
            0.0,
            0.0,
            0.0,
            -0.0,
            1.0,
            0.0,
            0.6906906906906911,
            0.0,
            0.0533333333333333,
            1.0
        ],
        [
            0.16858596581824867,
            0.9856869544277881,
            0.0,
            0.0,
            -0.9856869544277881,
            0.16858596581824867,
            0.0,
            0.0,
            0.0,
            -0.0,
            1.0,
            0.0,
            0.7007007007007011,
            0.0,
            0.0533333333333333,
            1.0
        ],
        [
            0.14882002783019593,
            0.9888642977257394,
            0.0,
            0.0,
            -0.9888642977257394,
            0.14882002783019593,
            0.0,
            0.0,
            0.0,
            -0.0,
            1.0,
            0.0,
            0.7107107107107111,
            0.0,
            0.0533333333333333,
            1.0
        ],
        [
            0.12899444458836382,
            0.9916453162624929,
            0.0,
            0.0,
            -0.9916453162624929,
            0.12899444458836382,
            0.0,
            0.0,
            0.0,
            -0.0,
            1.0,
            0.0,
            0.7207207207207211,
            0.0,
            0.0533333333333333,
            1.0
        ],
        [
            0.10911716194494069,
            0.9940288954397059,
            0.0,
            0.0,
            -0.9940288954397059,
            0.10911716194494069,
            0.0,
            0.0,
            0.0,
            -0.0,
            1.0,
            0.0,
            0.730730730730731,
            0.0,
            0.0533333333333333,
            1.0
        ],
        [
            0.08919614647260433,
            0.9960140799478879,
            0.0,
            0.0,
            -0.9960140799478879,
            0.08919614647260433,
            0.0,
            0.0,
            0.0,
            -0.0,
            1.0,
            0.0,
            0.7407407407407411,
            0.0,
            0.0533333333333333,
            1.0
        ],
        [
            0.06923938227161876,
            0.9976000741492779,
            0.0,
            0.0,
            -0.9976000741492779,
            0.06923938227161876,
            0.0,
            0.0,
            0.0,
            -0.0,
            1.0,
            0.0,
            0.7507507507507512,
            0.0,
            0.0533333333333333,
            1.0
        ],
        [
            0.049254867769901935,
            0.998786242396725,
            0.0,
            0.0,
            -0.998786242396725,
            0.049254867769901935,
            0.0,
            0.0,
            0.0,
            -0.0,
            1.0,
            0.0,
            0.7607607607607612,
            0.0,
            0.0533333333333333,
            1.0
        ],
        [
            0.029250612517354235,
            0.9995721092884493,
            0.0,
            0.0,
            -0.9995721092884493,
            0.029250612517354235,
            0.0,
            0.0,
            0.0,
            -0.0,
            1.0,
            0.0,
            0.7707707707707713,
            0.0,
            0.0533333333333333,
            1.0
        ],
        [
            0.0092346339757293,
            0.9999573598585764,
            0.0,
            0.0,
            -0.9999573598585764,
            0.0092346339757293,
            0.0,
            0.0,
            0.0,
            -0.0,
            1.0,
            0.0,
            0.7807807807807812,
            0.0,
            0.0533333333333333,
            1.0
        ],
        [
            -0.010785045694669133,
            0.9999418397033719,
            0.0,
            0.0,
            -0.9999418397033719,
            -0.010785045694669133,
            0.0,
            0.0,
            0.0,
            -0.0,
            1.0,
            0.0,
            0.7907907907907912,
            0.0,
            0.0533333333333333,
            1.0
        ],
        [
            -0.030800402850169134,
            0.9995255550431251,
            0.0,
            0.0,
            -0.9995255550431251,
            -0.030800402850169134,
            0.0,
            0.0,
            0.0,
            -0.0,
            1.0,
            0.0,
            0.8008008008008012,
            0.0,
            0.0533333333333333,
            1.0
        ],
        [
            -0.05080341557951029,
            0.9987086727196554,
            0.0,
            0.0,
            -0.9987086727196554,
            -0.05080341557951029,
            0.0,
            0.0,
            0.0,
            -0.0,
            1.0,
            0.0,
            0.8108108108108112,
            0.0,
            0.0533333333333333,
            1.0
        ],
        [
            -0.0707860669189278,
            0.9974915201294441,
            0.0,
            0.0,
            -0.9974915201294441,
            -0.0707860669189278,
            0.0,
            0.0,
            0.0,
            -0.0,
            1.0,
            0.0,
            0.8208208208208212,
            0.0,
            0.0533333333333333,
            1.0
        ],
        [
            -0.09074034806525379,
            0.9958745850924184,
            0.0,
            0.0,
            -0.9958745850924184,
            -0.09074034806525379,
            0.0,
            0.0,
            0.0,
            -0.0,
            1.0,
            0.0,
            0.8308308308308312,
            0.0,
            0.0533333333333333,
            1.0
        ],
        [
            -0.11065826158574792,
            0.993858515656439,
            0.0,
            0.0,
            -0.993858515656439,
            -0.11065826158574792,
            0.0,
            0.0,
            0.0,
            -0.0,
            1.0,
            0.0,
            0.8408408408408411,
            0.0,
            0.0533333333333333,
            1.0
        ],
        [
            -0.13053182462337198,
            0.9914441198375697,
            0.0,
            0.0,
            -0.9914441198375697,
            -0.13053182462337198,
            0.0,
            0.0,
            0.0,
            -0.0,
            1.0,
            0.0,
            0.8508508508508512,
            0.0,
            0.0533333333333333,
            1.0
        ],
        [
            -0.1503530720962196,
            0.9886323652962354,
            0.0,
            0.0,
            -0.9886323652962354,
            -0.1503530720962196,
            0.0,
            0.0,
            0.0,
            -0.0,
            1.0,
            0.0,
            0.8608608608608612,
            0.0,
            0.0533333333333333,
            1.0
        ],
        [
            -0.17011405988982614,
            0.9854243789493949,
            0.0,
            0.0,
            -0.9854243789493949,
            -0.17011405988982614,
            0.0,
            0.0,
            0.0,
            -0.0,
            1.0,
            0.0,
            0.8708708708708712,
            0.0,
            0.0533333333333333,
            1.0
        ],
        [
            -0.18980686804107216,
            0.9818214465188867,
            0.0,
            0.0,
            -0.9818214465188867,
            -0.18980686804107216,
            0.0,
            0.0,
            0.0,
            -0.0,
            1.0,
            0.0,
            0.8808808808808813,
            0.0,
            0.0533333333333333,
            1.0
        ],
        [
            -0.2094236039124073,
            0.9778250120161271,
            0.0,
            0.0,
            -0.9778250120161271,
            -0.2094236039124073,
            0.0,
            0.0,
            0.0,
            -0.0,
            1.0,
            0.0,
            0.8908908908908912,
            0.0,
            0.0533333333333333,
            1.0
        ],
        [
            -0.2289564053551252,
            0.9734366771633682,
            0.0,
            0.0,
            -0.9734366771633682,
            -0.2289564053551252,
            0.0,
            0.0,
            0.0,
            -0.0,
            1.0,
            0.0,
            0.9009009009009012,
            0.0,
            0.0533333333333333,
            1.0
        ],
        [
            -0.24839744386041507,
            0.968658200751747,
            0.0,
            0.0,
            -0.968658200751747,
            -0.24839744386041507,
            0.0,
            0.0,
            0.0,
            -0.0,
            1.0,
            0.0,
            0.9109109109109113,
            0.0,
            0.0533333333333333,
            1.0
        ],
        [
            -0.2677389276969333,
            0.9634914979363836,
            0.0,
            0.0,
            -0.9634914979363836,
            -0.2677389276969333,
            0.0,
            0.0,
            0.0,
            -0.0,
            1.0,
            0.0,
            0.9209209209209213,
            0.0,
            0.0533333333333333,
            1.0
        ],
        [
            -0.28697310503363466,
            0.9579386394688099,
            0.0,
            0.0,
            -0.9579386394688099,
            -0.28697310503363466,
            0.0,
            0.0,
            0.0,
            -0.0,
            1.0,
            0.0,
            0.9309309309309313,
            0.0,
            0.0533333333333333,
            1.0
        ],
        [
            -0.3060922670466114,
            0.9520018508670379,
            0.0,
            0.0,
            -0.9520018508670379,
            -0.3060922670466114,
            0.0,
            0.0,
            0.0,
            -0.0,
            1.0,
            0.0,
            0.9409409409409413,
            0.0,
            0.0533333333333333,
            1.0
        ],
        [
            -0.3250887510086959,
            0.9456835115235996,
            0.0,
            0.0,
            -0.9456835115235996,
            -0.3250887510086959,
            0.0,
            0.0,
            0.0,
            -0.0,
            1.0,
            0.0,
            0.9509509509509512,
            0.0,
            0.0533333333333333,
            1.0
        ],
        [
            -0.34395494336058924,
            0.9389861537519144,
            0.0,
            0.0,
            -0.9389861537519144,
            -0.34395494336058924,
            0.0,
            0.0,
            0.0,
            -0.0,
            1.0,
            0.0,
            0.9609609609609613,
            0.0,
            0.0533333333333333,
            1.0
        ],
        [
            -0.3626832827622811,
            0.9319124617713701,
            0.0,
            0.0,
            -0.9319124617713701,
            -0.3626832827622811,
            0.0,
            0.0,
            0.0,
            -0.0,
            1.0,
            0.0,
            0.9709709709709713,
            0.0,
            0.0533333333333333,
            1.0
        ],
        [
            -0.3812662631235447,
            0.9244652706315192,
            0.0,
            0.0,
            -0.9244652706315192,
            -0.3812662631235447,
            0.0,
            0.0,
            0.0,
            -0.0,
            1.0,
            0.0,
            0.9809809809809813,
            0.0,
            0.0533333333333333,
            1.0
        ],
        [
            -0.3996964366122854,
            0.9166475650758263,
            0.0,
            0.0,
            -0.9166475650758263,
            -0.3996964366122854,
            0.0,
            0.0,
            0.0,
            -0.0,
            1.0,
            0.0,
            0.9909909909909914,
            0.0,
            0.0533333333333333,
            1.0
        ],
        [
            -0.4179664166395403,
            0.9084624783454197,
            0.0,
            0.0,
            -0.9084624783454197,
            -0.4179664166395403,
            0.0,
            0.0,
            0.0,
            -0.0,
            1.0,
            0.0,
            1.0010010010010013,
            0.0,
            0.0533333333333333,
            1.0
        ],
        [
            -0.4360688808199352,
            0.8999132909233251,
            0.0,
            0.0,
            -0.8999132909233251,
            -0.4360688808199352,
            0.0,
            0.0,
            0.0,
            -0.0,
            1.0,
            0.0,
            1.0110110110110113,
            0.0,
            0.0533333333333333,
            1.0
        ],
        [
            -0.4539965739064053,
            0.8910034292196893,
            0.0,
            0.0,
            -0.8910034292196893,
            -0.4539965739064053,
            0.0,
            0.0,
            0.0,
            -0.0,
            1.0,
            0.0,
            1.0210210210210213,
            0.0,
            0.0533333333333333,
            1.0
        ],
        [
            -0.47174231069801076,
            0.8817364641985164,
            0.0,
            0.0,
            -0.8817364641985164,
            -0.47174231069801076,
            0.0,
            0.0,
            0.0,
            -0.0,
            1.0,
            0.0,
            1.0310310310310313,
            0.0,
