{
    "5182477648": [
        [
            1.0,
            0.0,
            0.0,
            0.0,
            -0.0,
            1.0,
            0.0,
            0.0,
            0.0,
            -0.0,
            1.0,
            0.0,
            0.0,
            0.0,
            0.0533333333333333,
            1.0
        ],
        [
            0.999987474988596,
            0.005004984109072637,
            0.0,
            0.0,
            -0.005004984109072637,
            0.999987474988596,
            0.0,
            0.0,
            0.0,
            -0.0,
            1.0,
            0.0,
            0.005005005005005007,
            0.0,
            0.0533333333333333,
            1.0
        ],
        [
            0.9999499002681359,
            0.010009842843179186,
            0.0,
            0.0,
            -0.010009842843179186,
            0.9999499002681359,
            0.0,
            0.0,
            0.0,
            -0.0,
            1.0,
            0.0,
            0.010010010010010012,
            0.0,
            0.0533333333333333,
            1.0
        ],
        [
            0.9998872767798671,
            0.01501445083049421,
            0.0,
            0.0,
            -0.01501445083049421,
            0.9998872767798671,
            0.0,
            0.0,
            0.0,
            -0.0,
            1.0,
            0.0,
            0.015015015015015017,
            0.0,
            0.0533333333333333,
            1.0
        ],
        [
            0.9997996060925097,
            0.020018682705473478,
            0.0,
            0.0,
            -0.020018682705473478,
            0.9997996060925097,
            0.0,
            0.0,
            0.0,
            -0.0,
            1.0,
            0.0,
            0.02002002002002002,
            0.0,
            0.0533333333333333,
            1.0
        ],
        [
            0.9996868904022163,
            0.025022413111994383,
            0.0,
            0.0,
            -0.025022413111994383,
            0.9996868904022163,
            0.0,
            0.0,
            0.0,
            -0.0,
            1.0,
            0.0,
            0.025025025025025016,
            0.0,
            0.0533333333333333,
            1.0
        ],
        [
            0.9995491325325173,
            0.030025516706496128,
            0.0,
            0.0,
            -0.030025516706496128,
            0.9995491325325173,
            0.0,
            0.0,
            0.0,
            -0.0,
            1.0,
            0.0,
            0.03003003003003002,
            0.0,
            0.0533333333333333,
            1.0
        ],
        [
            0.9993863359342509,
            0.035027868161119566,
            0.0,
            0.0,
            -0.035027868161119566,
            0.9993863359342509,
            0.0,
            0.0,
            0.0,
            -0.0,
            1.0,
            0.0,
            0.035035035035035036,
            0.0,
            0.0533333333333333,
            1.0
        ],
        [
            0.9991985046854751,
            0.040029342166846636,
            0.0,
            0.0,
            -0.040029342166846636,
            0.9991985046854751,
            0.0,
            0.0,
            0.0,
            -0.0,
            1.0,
            0.0,
            0.04004004004004003,
            0.0,
            0.0533333333333333,
            1.0
        ],
        [
            0.9989856434913674,
            0.04502981343663944,
            0.0,
            0.0,
            -0.04502981343663944,
            0.9989856434913674,
            0.0,
            0.0,
            0.0,
            -0.0,
            1.0,
            0.0,
            0.045045045045045036,
            0.0,
            0.0533333333333333,
            1.0
        ],
        [
            0.9987477576841054,
            0.050029156708578625,
            0.0,
            0.0,
            -0.050029156708578625,
            0.9987477576841054,
            0.0,
            0.0,
            0.0,
            -0.0,
            1.0,
            0.0,
            0.050050050050050046,
            0.0,
            0.0533333333333333,
            1.0
        ],
        [
            0.998484853222734,
            0.05502724674900119,
            0.0,
            0.0,
            -0.05502724674900119,
            0.998484853222734,
            0.0,
            0.0,
            0.0,
            -0.0,
            1.0,
            0.0,
            0.05505505505505505,
            0.0,
            0.0533333333333333,
            1.0
        ],
        [
            0.9981969366930158,
            0.06002395835563763,
            0.0,
            0.0,
            -0.06002395835563763,
            0.9981969366930158,
            0.0,
            0.0,
            0.0,
            -0.0,
            1.0,
            0.0,
            0.06006006006006005,
            0.0,
            0.0533333333333333,
            1.0
        ],
        [
            0.9978840153072668,
            0.06501916636074824,
            0.0,
            0.0,
            -0.06501916636074824,
            0.9978840153072668,
            0.0,
            0.0,
            0.0,
            -0.0,
            1.0,
            0.0,
            0.06506506506506506,
            0.0,
            0.0533333333333333,
            1.0
        ],
        [
            0.9975460969041745,
            0.07001274563425858,
            0.0,
            0.0,
            -0.07001274563425858,
            0.9975460969041745,
            0.0,
            0.0,
            0.0,
            -0.0,
            1.0,
            0.0,
            0.07007007007007007,
            0.0,
            0.0533333333333333,
            1.0
        ],
        [
            0.9971831899486027,
            0.0750045710868939,
            0.0,
            0.0,
            -0.0750045710868939,
            0.9971831899486027,
            0.0,
            0.0,
            0.0,
            -0.0,
            1.0,
            0.0,
            0.07507507507507508,
            0.0,
            0.0533333333333333,
            1.0
        ],
        [
            0.996795303531379,
            0.07999451767331282,
            0.0,
            0.0,
            -0.07999451767331282,
            0.996795303531379,
            0.0,
            0.0,
            0.0,
            -0.0,
            1.0,
            0.0,
            0.08008008008008011,
            0.0,
            0.0533333333333333,
            1.0
        ],
        [
            0.996382447369067,
            0.0849824603952395,
            0.0,
            0.0,
            -0.0849824603952395,
            0.996382447369067,
            0.0,
            0.0,
            0.0,
            -0.0,
            1.0,
            0.0,
            0.08508508508508511,
            0.0,
            0.0533333333333333,
            1.0
        ],
        [
            0.9959446318037228,
            0.08996827430459499,
            0.0,
            0.0,
            -0.08996827430459499,
            0.9959446318037228,
            0.0,
            0.0,
            0.0,
            -0.0,
            1.0,
            0.0,
            0.09009009009009011,
            0.0,
            0.0533333333333333,
            1.0
        ],
        [
            0.9954818678026366,
            0.09495183450662717,
            0.0,
            0.0,
            -0.09495183450662717,
            0.9954818678026366,
            0.0,
            0.0,
            0.0,
            -0.0,
            1.0,
            0.0,
            0.09509509509509513,
            0.0,
            0.0533333333333333,
            1.0
        ],
        [
            0.994994166958057,
            0.09993301616303928,
            0.0,
            0.0,
            -0.09993301616303928,
            0.994994166958057,
            0.0,
            0.0,
            0.0,
            -0.0,
            1.0,
            0.0,
            0.10010010010010012,
            0.0,
            0.0533333333333333,
            1.0
        ],
        [
            0.9944815414869012,
            0.10491169449511722,
            0.0,
            0.0,
            -0.10491169449511722,
            0.9944815414869012,
            0.0,
            0.0,
            0.0,
            -0.0,
            1.0,
            0.0,
            0.10510510510510512,
            0.0,
            0.0533333333333333,
            1.0
        ],
        [
            0.993944004230449,
            0.10988774478685528,
            0.0,
            0.0,
            -0.10988774478685528,
            0.993944004230449,
            0.0,
            0.0,
            0.0,
            -0.0,
            1.0,
            0.0,
            0.11011011011011014,
            0.0,
            0.0533333333333333,
            1.0
        ],
        [
            0.9933815686540212,
            0.11486104238808008,
            0.0,
            0.0,
            -0.11486104238808008,
            0.9933815686540212,
            0.0,
            0.0,
            0.0,
            -0.0,
            1.0,
            0.0,
            0.11511511511511514,
            0.0,
            0.0533333333333333,
            1.0
        ],
        [
            0.9927942488466414,
            0.11983146271757332,
            0.0,
            0.0,
            -0.11983146271757332,
            0.9927942488466414,
            0.0,
            0.0,
            0.0,
            -0.0,
            1.0,
            0.0,
            0.12012012012012015,
            0.0,
            0.0533333333333333,
            1.0
        ],
        [
            0.9921820595206844,
            0.12479888126619236,
            0.0,
            0.0,
            -0.12479888126619236,
            0.9921820595206844,
            0.0,
            0.0,
            0.0,
            -0.0,
            1.0,
            0.0,
            0.12512512512512514,
            0.0,
            0.0533333333333333,
            1.0
        ],
        [
            0.9915450160115067,
            0.12976317359998926,
            0.0,
            0.0,
            -0.12976317359998926,
            0.9915450160115067,
            0.0,
            0.0,
            0.0,
            -0.0,
            1.0,
            0.0,
            0.13013013013013014,
            0.0,
            0.0533333333333333,
            1.0
        ],
        [
            0.9908831342770628,
            0.1347242153633279,
            0.0,
            0.0,
            -0.1347242153633279,
            0.9908831342770628,
            0.0,
            0.0,
            0.0,
            -0.0,
            1.0,
            0.0,
            0.13513513513513517,
            0.0,
            0.0533333333333333,
            1.0
        ],
        [
            0.9901964308975052,
            0.13968188228199888,
            0.0,
            0.0,
            -0.13968188228199888,
            0.9901964308975052,
            0.0,
            0.0,
            0.0,
            -0.0,
            1.0,
            0.0,
            0.14014014014014017,
            0.0,
            0.0533333333333333,
            1.0
        ],
        [
            0.9894849230747693,
            0.14463605016633282,
            0.0,
            0.0,
            -0.14463605016633282,
            0.9894849230747693,
            0.0,
            0.0,
            0.0,
            -0.0,
            1.0,
            0.0,
            0.1451451451451452,
            0.0,
            0.0533333333333333,
            1.0
        ],
        [
            0.9887486286321422,
            0.14958659491431125,
            0.0,
            0.0,
            -0.14958659491431125,
            0.9887486286321422,
            0.0,
            0.0,
            0.0,
            -0.0,
            1.0,
            0.0,
            0.1501501501501502,
            0.0,
            0.0533333333333333,
            1.0
        ],
        [
            0.9879875660138164,
            0.1545333925146753,
            0.0,
            0.0,
            -0.1545333925146753,
            0.9879875660138164,
            0.0,
            0.0,
            0.0,
            -0.0,
            1.0,
            0.0,
            0.1551551551551552,
            0.0,
            0.0533333333333333,
            1.0
        ],
        [
            0.9872017542844281,
            0.15947631905003226,
            0.0,
            0.0,
            -0.15947631905003226,
            0.9872017542844281,
            0.0,
            0.0,
            0.0,
            -0.0,
            1.0,
            0.0,
            0.16016016016016021,
            0.0,
            0.0533333333333333,
            1.0
        ],
        [
            0.9863912131285788,
            0.1644152506999597,
            0.0,
            0.0,
            -0.1644152506999597,
            0.9863912131285788,
            0.0,
            0.0,
            0.0,
            -0.0,
            1.0,
            0.0,
            0.16516516516516522,
            0.0,
            0.0533333333333333,
            1.0
        ],
        [
            0.9855559628503431,
            0.16935006374410708,
            0.0,
            0.0,
            -0.16935006374410708,
            0.9855559628503431,
            0.0,
            0.0,
            0.0,
            -0.0,
            1.0,
            0.0,
            0.17017017017017022,
            0.0,
            0.0533333333333333,
            1.0
        ],
        [
            0.9846960243727594,
            0.17428063456529516,
            0.0,
            0.0,
            -0.17428063456529516,
            0.9846960243727594,
            0.0,
            0.0,
            0.0,
            -0.0,
            1.0,
            0.0,
            0.17517517517517522,
            0.0,
            0.0533333333333333,
            1.0
        ],
        [
            0.9838114192373063,
            0.1792068396526124,
            0.0,
            0.0,
            -0.1792068396526124,
            0.9838114192373063,
            0.0,
            0.0,
            0.0,
            -0.0,
            1.0,
            0.0,
            0.18018018018018023,
            0.0,
            0.0533333333333333,
            1.0
        ],
        [
            0.9829021696033625,
            0.184128555604509,
            0.0,
            0.0,
            -0.184128555604509,
            0.9829021696033625,
            0.0,
            0.0,
            0.0,
            -0.0,
            1.0,
            0.0,
            0.18518518518518523,
            0.0,
            0.0533333333333333,
            1.0
        ],
        [
            0.9819682982476522,
            0.1890456591318881,
            0.0,
            0.0,
            -0.1890456591318881,
            0.9819682982476522,
            0.0,
            0.0,
            0.0,
            -0.0,
            1.0,
            0.0,
            0.19019019019019023,
            0.0,
            0.0533333333333333,
            1.0
        ],
        [
            0.981009828563674,
            0.1939580270611942,
            0.0,
            0.0,
            -0.1939580270611942,
            0.981009828563674,
            0.0,
            0.0,
            0.0,
            -0.0,
            1.0,
            0.0,
            0.19519519519519524,
            0.0,
            0.0533333333333333,
            1.0
        ],
        [
            0.9800267845611155,
            0.1988655363374986,
            0.0,
            0.0,
            -0.1988655363374986,
            0.9800267845611155,
            0.0,
            0.0,
            0.0,
            -0.0,
            1.0,
            0.0,
            0.20020020020020024,
            0.0,
            0.0533333333333333,
            1.0
        ],
        [
            0.9790191908652512,
            0.20376806402758216,
            0.0,
            0.0,
            -0.20376806402758216,
            0.9790191908652512,
            0.0,
            0.0,
            0.0,
            -0.0,
            1.0,
            0.0,
            0.20520520520520535,
            0.0,
            0.0533333333333333,
            1.0
        ],
        [
            0.9779870727163263,
            0.20866548732301426,
            0.0,
            0.0,
            -0.20866548732301426,
            0.9779870727163263,
            0.0,
            0.0,
            0.0,
            -0.0,
            1.0,
            0.0,
            0.21021021021021047,
            0.0,
            0.0533333333333333,
            1.0
        ],
        [
            0.976930455968924,
            0.21355768354322963,
            0.0,
            0.0,
            -0.21355768354322963,
            0.976930455968924,
            0.0,
            0.0,
            0.0,
            -0.0,
            1.0,
            0.0,
            0.21521521521521547,
            0.0,
            0.0533333333333333,
            1.0
        ],
        [
            0.9758493670913179,
            0.21844453013860138,
            0.0,
            0.0,
            -0.21844453013860138,
            0.9758493670913179,
            0.0,
            0.0,
            0.0,
            -0.0,
            1.0,
            0.0,
            0.22022022022022048,
            0.0,
            0.0533333333333333,
            1.0
        ],
        [
            0.974743833164809,
            0.22332590469351088,
            0.0,
            0.0,
            -0.22332590469351088,
            0.974743833164809,
            0.0,
            0.0,
            0.0,
            -0.0,
            1.0,
            0.0,
            0.22522522522522548,
            0.0,
            0.0533333333333333,
            1.0
        ],
        [
            0.9736138818830473,
            0.2282016849294142,
            0.0,
            0.0,
            -0.2282016849294142,
            0.9736138818830473,
            0.0,
            0.0,
            0.0,
            -0.0,
            1.0,
            0.0,
            0.23023023023023048,
            0.0,
            0.0533333333333333,
            1.0
        ],
        [
            0.9724595415513383,
            0.23307174870790512,
            0.0,
            0.0,
            -0.23307174870790512,
            0.9724595415513383,
            0.0,
            0.0,
            0.0,
            -0.0,
            1.0,
            0.0,
            0.23523523523523537,
            0.0,
            0.0533333333333333,
            1.0
        ],
        [
            0.9712808410859336,
            0.23793597403377512,
            0.0,
            0.0,
            -0.23793597403377512,
            0.9712808410859336,
            0.0,
            0.0,
            0.0,
            -0.0,
            1.0,
            0.0,
            0.24024024024024038,
            0.0,
            0.0533333333333333,
            1.0
        ],
        [
            0.9700778100133068,
            0.2427942390580687,
            0.0,
            0.0,
            -0.2427942390580687,
            0.9700778100133068,
            0.0,
            0.0,
            0.0,
            -0.0,
            1.0,
            0.0,
            0.24524524524524538,
            0.0,
            0.0533333333333333,
            1.0
        ],
        [
            0.9688504784694136,
            0.24764642208113627,
            0.0,
            0.0,
            -0.24764642208113627,
            0.9688504784694136,
            0.0,
            0.0,
            0.0,
            -0.0,
            1.0,
            0.0,
            0.2502502502502504,
            0.0,
            0.0533333333333333,
            1.0
        ],
        [
            0.9675988771989372,
            0.25249240155568237,
            0.0,
            0.0,
            -0.25249240155568237,
            0.9675988771989372,
            0.0,
            0.0,
            0.0,
            -0.0,
            1.0,
            0.0,
            0.2552552552552554,
            0.0,
            0.0533333333333333,
            1.0
        ],
        [
            0.9663230375545181,
            0.2573320560898107,
            0.0,
            0.0,
            -0.2573320560898107,
            0.9663230375545181,
            0.0,
            0.0,
            0.0,
            -0.0,
            1.0,
            0.0,
            0.2602602602602604,
            0.0,
            0.0533333333333333,
            1.0
        ],
        [
            0.9650229914959683,
            0.2621652644500647,
            0.0,
            0.0,
            -0.2621652644500647,
            0.9650229914959683,
            0.0,
            0.0,
            0.0,
            -0.0,
            1.0,
            0.0,
            0.2652652652652654,
            0.0,
            0.0533333333333333,
            1.0
        ],
        [
            0.9636987715894713,
            0.2669919055644649,
            0.0,
            0.0,
            -0.2669919055644649,
            0.9636987715894713,
            0.0,
            0.0,
            0.0,
            -0.0,
            1.0,
            0.0,
            0.2702702702702705,
            0.0,
            0.0533333333333333,
            1.0
        ],
        [
            0.9623504110067659,
            0.2718118585255411,
            0.0,
            0.0,
            -0.2718118585255411,
            0.9623504110067659,
            0.0,
            0.0,
            0.0,
            -0.0,
            1.0,
            0.0,
            0.2752752752752755,
            0.0,
            0.0533333333333333,
            1.0
        ],
        [
            0.9609779435243155,
            0.27662500259336165,
            0.0,
            0.0,
            -0.27662500259336165,
            0.9609779435243155,
            0.0,
            0.0,
            0.0,
            -0.0,
            1.0,
            0.0,
            0.2802802802802805,
            0.0,
            0.0533333333333333,
            1.0
        ],
        [
            0.959581403522462,
            0.28143121719855807,
            0.0,
            0.0,
            -0.28143121719855807,
            0.959581403522462,
            0.0,
            0.0,
            0.0,
            -0.0,
            1.0,
            0.0,
            0.2852852852852855,
            0.0,
            0.0533333333333333,
            1.0
        ],
        [
            0.9581608259845641,
            0.2862303819453447,
            0.0,
            0.0,
            -0.2862303819453447,
            0.9581608259845641,
            0.0,
            0.0,
            0.0,
            -0.0,
            1.0,
            0.0,
            0.2902902902902905,
            0.0,
            0.0533333333333333,
            1.0
        ],
        [
            0.9567162464961215,
            0.29102237661453534,
            0.0,
            0.0,
            -0.29102237661453534,
            0.9567162464961215,
            0.0,
            0.0,
            0.0,
            -0.0,
            1.0,
            0.0,
            0.2952952952952955,
            0.0,
            0.0533333333333333,
            1.0
        ],
        [
            0.9552477012438835,
            0.29580708116655413,
            0.0,
            0.0,
            -0.29580708116655413,
            0.9552477012438835,
            0.0,
            0.0,
            0.0,
            -0.0,
            1.0,
            0.0,
            0.3003003003003005,
            0.0,
            0.0533333333333333,
            1.0
        ],
        [
            0.953755227014942,
            0.30058437574444297,
            0.0,
            0.0,
            -0.30058437574444297,
            0.953755227014942,
            0.0,
            0.0,
            0.0,
            -0.0,
            1.0,
            0.0,
            0.30530530530530553,
            0.0,
            0.0533333333333333,
            1.0
        ],
        [
            0.9522388611958106,
            0.3053541406768636,
            0.0,
            0.0,
            -0.3053541406768636,
            0.9522388611958106,
            0.0,
            0.0,
            0.0,
            -0.0,
            1.0,
            0.0,
            0.31031031031031053,
            0.0,
            0.0533333333333333,
            1.0
        ],
        [
            0.9506986417714876,
            0.3101162564810959,
            0.0,
            0.0,
            -0.3101162564810959,
            0.9506986417714876,
            0.0,
            0.0,
            0.0,
            -0.0,
            1.0,
            0.0,
            0.3153153153153156,
            0.0,
            0.0533333333333333,
            1.0
        ],
        [
            0.9491346073245046,
            0.31487060386603016,
            0.0,
            0.0,
            -0.31487060386603016,
            0.9491346073245046,
            0.0,
            0.0,
            0.0,
            -0.0,
            1.0,
            0.0,
            0.3203203203203206,
            0.0,
            0.0533333333333333,
            1.0
        ],
        [
            0.9475467970339604,
            0.31961706373515597,
            0.0,
            0.0,
            -0.31961706373515597,
            0.9475467970339604,
            0.0,
            0.0,
            0.0,
            -0.0,
            1.0,
            0.0,
            0.3253253253253256,
            0.0,
            0.0533333333333333,
            1.0
        ],
        [
            0.9459352506745388,
            0.3243555171895454,
            0.0,
            0.0,
            -0.3243555171895454,
            0.9459352506745388,
            0.0,
            0.0,
            0.0,
            -0.0,
            1.0,
            0.0,
            0.3303303303303306,
            0.0,
            0.0533333333333333,
            1.0
        ],
        [
            0.9443000086155129,
            0.3290858455308314,
            0.0,
            0.0,
            -0.3290858455308314,
            0.9443000086155129,
            0.0,
            0.0,
            0.0,
            -0.0,
            1.0,
            0.0,
            0.3353353353353356,
            0.0,
            0.0533333333333333,
            1.0
        ],
        [
            0.9426411118197336,
            0.33380793026418104,
            0.0,
            0.0,
            -0.33380793026418104,
            0.9426411118197336,
            0.0,
            0.0,
            0.0,
            -0.0,
            1.0,
            0.0,
            0.3403403403403406,
            0.0,
            0.0533333333333333,
            1.0
        ],
        [
            0.9409586018426036,
            0.33852165310126403,
            0.0,
            0.0,
            -0.33852165310126403,
            0.9409586018426036,
            0.0,
            0.0,
            0.0,
            -0.0,
            1.0,
            0.0,
            0.3453453453453456,
            0.0,
            0.0533333333333333,
            1.0
        ],
        [
            0.939252520831036,
            0.3432268959632158,
            0.0,
            0.0,
            -0.3432268959632158,
            0.939252520831036,
            0.0,
            0.0,
            0.0,
            -0.0,
            1.0,
            0.0,
            0.35035035035035056,
            0.0,
            0.0533333333333333,
            1.0
        ],
        [
            0.9375229115223992,
            0.3479235409835955,
            0.0,
            0.0,
            -0.3479235409835955,
            0.9375229115223992,
            0.0,
            0.0,
            0.0,
            -0.0,
            1.0,
            0.0,
            0.35535535535535556,
            0.0,
            0.0533333333333333,
            1.0
        ],
        [
            0.9357698172434457,
            0.35261147051133807,
            0.0,
            0.0,
            -0.35261147051133807,
            0.9357698172434457,
            0.0,
            0.0,
            0.0,
            -0.0,
            1.0,
            0.0,
            0.36036036036036057,
            0.0,
            0.0533333333333333,
            1.0
        ],
        [
            0.9339932819092273,
            0.357290567113702,
            0.0,
            0.0,
            -0.357290567113702,
            0.9339932819092273,
            0.0,
            0.0,
            0.0,
            -0.0,
            1.0,
            0.0,
            0.36536536536536557,
            0.0,
            0.0533333333333333,
            1.0
        ],
        [
            0.9321933500219944,
            0.3619607135792106,
            0.0,
            0.0,
            -0.3619607135792106,
            0.9321933500219944,
            0.0,
            0.0,
            0.0,
            -0.0,
            1.0,
            0.0,
            0.37037037037037057,
            0.0,
            0.0533333333333333,
            1.0
        ],
        [
            0.9303700666700822,
            0.36662179292058855,
            0.0,
            0.0,
            -0.36662179292058855,
            0.9303700666700822,
            0.0,
            0.0,
            0.0,
            -0.0,
            1.0,
            0.0,
            0.37537537537537563,
            0.0,
            0.0533333333333333,
            1.0
        ],
        [
            0.9285234775267799,
            0.3712736883776919,
            0.0,
            0.0,
            -0.3712736883776919,
            0.9285234775267799,
            0.0,
            0.0,
            0.0,
            -0.0,
            1.0,
            0.0,
            0.38038038038038063,
            0.0,
            0.0533333333333333,
            1.0
        ],
        [
            0.9266536288491879,
            0.3759162834204334,
            0.0,
            0.0,
            -0.3759162834204334,
            0.9266536288491879,
            0.0,
            0.0,
            0.0,
            -0.0,
            1.0,
            0.0,
            0.38538538538538564,
            0.0,
            0.0533333333333333,
            1.0
        ],
        [
            0.924760567477058,
            0.38054946175170123,
            0.0,
            0.0,
            -0.38054946175170123,
            0.924760567477058,
            0.0,
            0.0,
            0.0,
            -0.0,
            1.0,
            0.0,
            0.39039039039039064,
            0.0,
            0.0533333333333333,
            1.0
        ],
        [
            0.922844340831621,
            0.3851731073102727,
            0.0,
            0.0,
            -0.3851731073102727,
            0.922844340831621,
            0.0,
            0.0,
            0.0,
            -0.0,
            1.0,
            0.0,
            0.39539539539539564,
            0.0,
            0.0533333333333333,
            1.0
        ],
        [
            0.920904996914398,
            0.389787104273721,
            0.0,
            0.0,
            -0.389787104273721,
            0.920904996914398,
            0.0,
            0.0,
            0.0,
            -0.0,
            1.0,
            0.0,
            0.40040040040040065,
            0.0,
            0.0533333333333333,
            1.0
        ],
        [
            0.9189425843059982,
            0.39439133706131696,
            0.0,
            0.0,
            -0.39439133706131696,
            0.9189425843059982,
            0.0,
            0.0,
            0.0,
            -0.0,
            1.0,
            0.0,
            0.40540540540540565,
            0.0,
            0.0533333333333333,
            1.0
        ],
        [
            0.9169571521649024,
            0.3989856903369243,
            0.0,
            0.0,
            -0.3989856903369243,
            0.9169571521649024,
            0.0,
            0.0,
            0.0,
            -0.0,
            1.0,
            0.0,
            0.41041041041041065,
            0.0,
            0.0533333333333333,
            1.0
        ],
        [
            0.9149487502262309,
            0.4035700490118886,
            0.0,
            0.0,
            -0.4035700490118886,
            0.9149487502262309,
            0.0,
            0.0,
            0.0,
            -0.0,
            1.0,
            0.0,
            0.4154154154154156,
            0.0,
            0.0533333333333333,
            1.0
        ],
        [
            0.9129174288004981,
            0.4081442982479206,
            0.0,
            0.0,
            -0.4081442982479206,
            0.9129174288004981,
            0.0,
            0.0,
            0.0,
            -0.0,
            1.0,
            0.0,
            0.4204204204204206,
            0.0,
            0.0533333333333333,
            1.0
        ],
        [
            0.910863238772352,
            0.4127083234599725,
            0.0,
            0.0,
            -0.4127083234599725,
            0.910863238772352,
            0.0,
            0.0,
            0.0,
            -0.0,
            1.0,
            0.0,
            0.4254254254254256,
            0.0,
            0.0533333333333333,
            1.0
        ],
        [
            0.9087862315992997,
            0.4172620103191087,
            0.0,
            0.0,
            -0.4172620103191087,
            0.9087862315992997,
            0.0,
            0.0,
            0.0,
            -0.0,
            1.0,
            0.0,
            0.4304304304304306,
            0.0,
            0.0533333333333333,
            1.0
        ],
        [
            0.9066864593104182,
            0.4218052447553695,
            0.0,
            0.0,
            -0.4218052447553695,
            0.9066864593104182,
            0.0,
            0.0,
            0.0,
            -0.0,
            1.0,
            0.0,
            0.43543543543543567,
            0.0,
            0.0533333333333333,
            1.0
        ],
        [
            0.9045639745050514,
            0.4263379129606287,
            0.0,
            0.0,
            -0.4263379129606287,
            0.9045639745050514,
            0.0,
            0.0,
            0.0,
            -0.0,
            1.0,
            0.0,
            0.4404404404404407,
            0.0,
            0.0533333333333333,
            1.0
        ],
        [
            0.9024188303514921,
            0.43085990139144426,
            0.0,
            0.0,
            -0.43085990139144426,
            0.9024188303514921,
            0.0,
            0.0,
            0.0,
            -0.0,
            1.0,
            0.0,
            0.4454454454454457,
            0.0,
            0.0533333333333333,
            1.0
        ],
        [
            0.90025108058565,
            0.43537109677190294,
            0.0,
            0.0,
            -0.43537109677190294,
            0.90025108058565,
            0.0,
            0.0,
            0.0,
            -0.0,
            1.0,
            0.0,
            0.4504504504504507,
            0.0,
            0.0533333333333333,
            1.0
        ],
        [
            0.8980607795097062,
            0.43987138609645754,
            0.0,
            0.0,
            -0.43987138609645754,
            0.8980607795097062,
            0.0,
            0.0,
            0.0,
            -0.0,
            1.0,
            0.0,
            0.4554554554554557,
            0.0,
            0.0533333333333333,
            1.0
        ],
        [
            0.8958479819907529,
            0.44436065663275787,
            0.0,
            0.0,
            -0.44436065663275787,
            0.8958479819907529,
            0.0,
            0.0,
            0.0,
            -0.0,
            1.0,
            0.0,
            0.4604604604604607,
            0.0,
            0.0533333333333333,
            1.0
        ],
        [
            0.8936127434594181,
            0.44883879592447457,
            0.0,
            0.0,
            -0.44883879592447457,
            0.8936127434594181,
            0.0,
            0.0,
            0.0,
            -0.0,
            1.0,
            0.0,
            0.4654654654654657,
            0.0,
            0.0533333333333333,
            1.0
        ],
        [
            0.8913551199084783,
            0.45330569179411623,
            0.0,
            0.0,
            -0.45330569179411623,
            0.8913551199084783,
            0.0,
            0.0,
            0.0,
            -0.0,
            1.0,
            0.0,
            0.4704704704704707,
            0.0,
            0.0533333333333333,
            1.0
        ],
        [
            0.8890751678914547,
            0.4577612323458395,
            0.0,
            0.0,
            -0.4577612323458395,
            0.8890751678914547,
            0.0,
            0.0,
            0.0,
            -0.0,
            1.0,
            0.0,
            0.4754754754754757,
            0.0,
            0.0533333333333333,
            1.0
        ],
        [
            0.8867729445211975,
            0.4622053059682518,
            0.0,
            0.0,
            -0.4622053059682518,
            0.8867729445211975,
            0.0,
            0.0,
            0.0,
            -0.0,
            1.0,
            0.0,
            0.48048048048048064,
            0.0,
            0.0533333333333333,
            1.0
        ],
        [
            0.8844485074684544,
            0.4666378013372077,
            0.0,
            0.0,
            -0.4666378013372077,
            0.8844485074684544,
            0.0,
            0.0,
            0.0,
            -0.0,
            1.0,
            0.0,
            0.48548548548548565,
            0.0,
            0.0533333333333333,
            1.0
        ],
        [
            0.8821019149604268,
            0.47105860741859706,
            0.0,
            0.0,
            -0.47105860741859706,
            0.8821019149604268,
            0.0,
            0.0,
            0.0,
            -0.0,
            1.0,
            0.0,
            0.49049049049049065,
            0.0,
            0.0533333333333333,
            1.0
        ],
        [
            0.8797332257793105,
            0.47546761347112665,
            0.0,
            0.0,
            -0.47546761347112665,
            0.8797332257793105,
            0.0,
            0.0,
            0.0,
            -0.0,
            1.0,
            0.0,
            0.49549549549549565,
            0.0,
            0.0533333333333333,
            1.0
        ],
        [
            0.8773424992608234,
            0.47986470904909445,
            0.0,
            0.0,
            -0.47986470904909445,
            0.8773424992608234,
            0.0,
            0.0,
            0.0,
            -0.0,
            1.0,
            0.0,
            0.5005005005005008,
            0.0,
            0.0533333333333333,
            1.0
        ],
        [
            0.8749297952927195,
            0.4842497840051557,
            0.0,
            0.0,
            -0.4842497840051557,
            0.8749297952927195,
            0.0,
            0.0,
            0.0,
            -0.0,
            1.0,
            0.0,
            0.5055055055055058,
            0.0,
            0.0533333333333333,
            1.0
        ],
        [
            0.872495174313288,
            0.4886227284930829,
            0.0,
            0.0,
            -0.4886227284930829,
            0.872495174313288,
            0.0,
            0.0,
            0.0,
            -0.0,
            1.0,
            0.0,
            0.5105105105105108,
            0.0,
            0.0533333333333333,
            1.0
        ],
        [
            0.8700386973098403,
            0.4929834329705169,
            0.0,
            0.0,
            -0.4929834329705169,
            0.8700386973098403,
            0.0,
            0.0,
            0.0,
            -0.0,
            1.0,
            0.0,
            0.5155155155155158,
            0.0,
