{
    "5129585328": [
        [
            1.0,
            0.0,
            0.0,
            0.0,
            -0.0,
            1.0,
            0.0,
            0.0,
            0.0,
            -0.0,
            1.0,
            0.0,
            0.0,
            0.0,
            0.0533333333333333,
            1.0
        ],
        [
            0.9987477576841054,
            0.0,
            -0.05002915670857863,
            0.0,
            -0.0,
            1.0,
            0.0,
            0.0,
            0.05002915670857863,
            -0.0,
            0.9987477576841054,
            0.0,
            0.052718271741174244,
            0.0,
            0.05326654707648559,
            1.0
        ],
        [
            0.994994166958057,
            0.0,
            -0.09993301616303926,
            0.0,
            -0.0,
            1.0,
            0.0,
            0.0,
            0.09993301616303926,
            -0.0,
            0.994994166958057,
            0.0,
            0.10542986096212886,
            0.0,
            0.05306635557109634,
            1.0
        ],
        [
            0.9887486286321422,
            0.0,
            -0.1495865949143112,
            0.0,
            -0.0,
            1.0,
            0.0,
            0.0,
            0.1495865949143112,
            -0.0,
            0.9887486286321422,
            0.0,
            0.1581281018789134,
            0.0,
            0.05273326019371422,
            1.0
        ],
        [
            0.9800267845611155,
            0.0,
            -0.1988655363374986,
            0.0,
            -0.0,
            1.0,
            0.0,
            0.0,
            0.1988655363374986,
            -0.0,
            0.9800267845611155,
            0.0,
            0.21080636213820017,
            0.0,
            0.052268095176592796,
            1.0
        ],
        [
            0.9688504784694136,
            0.0,
            -0.24764642208113616,
            0.0,
            -0.0,
            1.0,
            0.0,
            0.0,
            0.24764642208113616,
            -0.0,
            0.9688504784694136,
            0.0,
            0.26345805942791084,
            0.0,
            0.0516720255183687,
            1.0
        ],
        [
            0.9552477012438836,
            0.0,
            -0.2958070811665539,
            0.0,
            -0.0,
            1.0,
            0.0,
            0.0,
            0.2958070811665539,
            -0.0,
            0.9552477012438836,
            0.0,
            0.3160766779625165,
            0.0,
            0.05094654406634043,
            1.0
        ],
        [
            0.939252520831036,
            0.0,
            -0.3432268959632157,
            0.0,
            -0.0,
            1.0,
            0.0,
            0.0,
            0.3432268959632157,
            -0.0,
            0.939252520831036,
            0.0,
            0.3686557848017219,
            0.0,
            0.05009346777765523,
            1.0
        ],
        [
            0.9209049969143981,
            0.0,
            -0.38978710427372076,
            0.0,
            -0.0,
            1.0,
            0.0,
            0.0,
            0.38978710427372076,
            -0.0,
            0.9209049969143981,
            0.0,
            0.4211890459616655,
            0.0,
            0.04911493316876787,
            1.0
        ],
        [
            0.9002510805856501,
            0.0,
            -0.4353710967719027,
            0.0,
            -0.0,
            1.0,
            0.0,
            0.0,
            0.4353710967719027,
            -0.0,
            0.9002510805856501,
            0.0,
            0.47367024227828525,
            0.0,
            0.04801339096456798,
            1.0
        ],
        [
            0.8773424992608235,
            0.0,
            -0.4798647090490943,
            0.0,
            -0.0,
            1.0,
            0.0,
            0.0,
            0.4798647090490943,
            -0.0,
            0.8773424992608235,
            0.0,
            0.5260932849831189,
            0.0,
            0.046791599960577225,
            1.0
        ],
        [
            0.8522366271297828,
            0.0,
            -0.5231565075371343,
            0.0,
            -0.0,
            1.0,
            0.0,
            0.0,
            0.5231565075371343,
            -0.0,
            0.8522366271297828,
            0.0,
            0.5784522309525311,
            0.0,
            0.04545262011358839,
            1.0
        ],
        [
            0.8249963414634476,
            0.0,
            -0.5651380685920271,
            0.0,
            -0.0,
            1.0,
            0.0,
            0.0,
            0.5651380685920271,
            -0.0,
            0.8249963414634476,
            0.0,
            0.6307412975921753,
            0.0,
            0.04399980487805051,
            1.0
        ],
        [
            0.7956898651386348,
            0.0,
            -0.605704250039292,
            0.0,
            -0.0,
            1.0,
            0.0,
            0.0,
            0.605704250039292,
            -0.0,
            0.7956898651386348,
            0.0,
            0.6829548773194128,
            0.0,
            0.04243679280739383,
            1.0
        ],
        [
            0.7643905957749119,
            0.0,
            -0.6447534545009243,
            0.0,
            -0.0,
            1.0,
            0.0,
            0.0,
            0.6447534545009243,
            -0.0,
            0.7643905957749119,
            0.0,
            0.7350875516074167,
            0.0,
            0.04076749844132861,
            1.0
        ],
        [
            0.7311769219113864,
            0.0,
            -0.6821878838444657,
            0.0,
            -0.0,
            1.0,
            0.0,
            0.0,
            0.6821878838444657,
            -0.0,
            0.7311769219113864,
            0.0,
            0.7871341045557889,
            0.0,
            0.038996102501940584,
            1.0
        ],
        [
            0.6961320266838151,
            0.0,
            -0.717913784116926,
            0.0,
            -0.0,
            1.0,
            0.0,
            0.0,
            0.717913784116926,
            -0.0,
            0.6961320266838151,
            0.0,
            0.8390895359537035,
            0.0,
            0.03712704142313678,
            1.0
        ],
        [
            0.6593436794937177,
            0.0,
            -0.7518416803501157,
            0.0,
            -0.0,
            1.0,
            0.0,
            0.0,
            0.7518416803501157,
            -0.0,
            0.6593436794937177,
            0.0,
            0.890949073802857,
            0.0,
            0.035164996239664924,
            1.0
        ],
        [
            0.620904016191261,
            0.0,
            -0.78388660064933,
            0.0,
            -0.0,
            1.0,
            0.0,
            0.0,
            0.78388660064933,
            -0.0,
            0.620904016191261,
            0.0,
            0.9427081862688651,
            0.0,
            0.0331148808635339,
            1.0
        ],
        [
            0.580909308322437,
            0.0,
            -0.8139682890041526,
            0.0,
            -0.0,
            1.0,
            0.0,
            0.0,
            0.8139682890041526,
            -0.0,
            0.580909308322437,
            0.0,
            0.9943625930311725,
            0.0,
            0.030981829777196622,
            1.0
        ],
        [
            0.5394597220184563,
            0.0,
            -0.8420114062884005,
            0.0,
            -0.0,
            1.0,
            0.0,
            0.0,
            0.8420114062884005,
            -0.0,
            0.5394597220184563,
            0.0,
            1.0459082760030491,
            0.0,
            0.028771185174317652,
            1.0
        ],
        [
            0.49665906713121094,
            0.0,
            -0.8679457189458079,
            0.0,
            -0.0,
            1.0,
            0.0,
            0.0,
            0.8679457189458079,
            -0.0,
            0.49665906713121094,
            0.0,
            1.0973414893948275,
            0.0,
            0.026488483580331235,
            1.0
        ],
        [
            0.4526145372430967,
            0.0,
            -0.8917062748888882,
            0.0,
            -0.0,
            1.0,
            0.0,
            0.0,
            0.8917062748888882,
            -0.0,
            0.4526145372430967,
            0.0,
            1.148658769095175,
            0.0,
            0.024139441986298475,
            1.0
        ],
        [
            0.40743644120233274,
            0.0,
            -0.9132335661704393,
            0.0,
            -0.0,
            1.0,
            0.0,
            0.0,
            0.9132335661704393,
            -0.0,
            0.40743644120233274,
            0.0,
            1.199856941346908,
            0.0,
            0.021729943530791065,
            1.0
        ],
        [
            0.3612379268561467,
            0.0,
            -0.9324736780202824,
            0.0,
            -0.0,
            1.0,
            0.0,
            0.0,
            0.9324736780202824,
            -0.0,
            0.3612379268561467,
            0.0,
            1.2509331306956162,
            0.0,
            0.019266022765661146,
            1.0
        ],
        [
            0.31413469767373,
            0.0,
            -0.9493784238739756,
            0.0,
            -0.0,
            1.0,
            0.0,
            0.0,
            0.9493784238739756,
            -0.0,
            0.31413469767373,
            0.0,
            1.3018847671911966,
            0.0,
            0.01675385054259892,
            1.0
        ],
        [
            0.2662447229686777,
            0.0,
            -0.9639054660553243,
            0.0,
            -0.0,
            1.0,
            0.0,
            0.0,
            0.9639054660553243,
            -0.0,
            0.2662447229686777,
            0.0,
            1.3527095928242518,
            0.0,
            0.014199718558329468,
            1.0
        ],
        [
            0.21768794244665512,
            0.0,
            -0.9760184218104399,
            0.0,
            -0.0,
            1.0,
            0.0,
            0.0,
            0.9760184218104399,
            -0.0,
            0.21768794244665512,
            0.0,
            1.4034056671812416,
            0.0,
            0.011610023597154934,
            1.0
        ],
        [
            0.16858596581824933,
            0.0,
            -0.985686954427788,
            0.0,
            -0.0,
            1.0,
            0.0,
            0.0,
            0.985686954427788,
            -0.0,
            0.16858596581824933,
            0.0,
            1.453971372304217,
            0.0,
            0.008991251510306626,
            1.0
        ],
        [
            0.11906176822931636,
            0.0,
            -0.9928868492160164,
            0.0,
            -0.0,
            1.0,
            0.0,
            0.0,
            0.9928868492160164,
            -0.0,
            0.11906176822931636,
            0.0,
            1.5044054167429723,
            0.0,
            0.006349960972230202,
            1.0
        ],
        [
            0.06923938227161942,
            0.0,
            -0.9976000741492778,
            0.0,
            -0.0,
            1.0,
            0.0,
            0.0,
            0.9976000741492778,
            -0.0,
            0.06923938227161942,
            0.0,
            1.5547068387894631,
            0.0,
            0.0036927670544863673,
            1.0
        ],
        [
            0.01924358734510864,
            0.0,
            -0.9998148250281604,
            0.0,
            -0.0,
            1.0,
            0.0,
            0.0,
            0.9998148250281604,
            -0.0,
            0.01924358734510864,
            0.0,
            1.6048750088863868,
            0.0,
            0.0010263246584057935,
            1.0
        ],
        [
            -0.030800402850168468,
            0.0,
            -0.9995255550431251,
            0.0,
            0.0,
            1.0,
            0.0,
            0.0,
            0.9995255550431251,
            0.0,
            -0.030800402850168468,
            0.0,
            1.6549096312039018,
            0.0,
            -0.001642688152008984,
            1.0
        ],
        [
            -0.08076725390985441,
            0.0,
            -0.9967329886664036,
            0.0,
            0.0,
            1.0,
            0.0,
            0.0,
            0.9967329886664036,
            0.0,
            -0.08076725390985441,
            0.0,
            1.7048107443805265,
            0.0,
            -0.0043075868751922325,
            1.0
        ],
        [
            -0.13053182462337132,
            0.0,
            -0.9914441198375697,
            0.0,
            0.0,
            1.0,
            0.0,
            0.0,
            0.9914441198375697,
            0.0,
            -0.13053182462337132,
            0.0,
            1.7545787214263722,
            0.0,
            -0.006961697313246466,
            1.0
        ],
        [
            -0.17996948038815958,
            0.0,
            -0.9836721944473249,
            0.0,
            0.0,
            1.0,
            0.0,
            0.0,
            0.9836721944473249,
            0.0,
            -0.17996948038815958,
            0.0,
            1.8042142687889424,
            0.0,
            -0.009598372287368505,
            1.0
        ],
        [
            -0.22895640535512457,
            0.0,
            -0.9734366771633683,
            0.0,
            0.0,
            1.0,
            0.0,
            0.0,
            0.9734366771633683,
            0.0,
            -0.22895640535512457,
            0.0,
            1.853718424583848,
            0.0,
            -0.012211008285606636,
            1.0
        ],
        [
            -0.277369912523528,
            0.0,
            -0.9607632026814362,
            0.0,
            0.0,
            1.0,
            0.0,
            0.0,
            0.9607632026814362,
            0.0,
            -0.277369912523528,
            0.0,
            1.9030925559948617,
            0.0,
            -0.014793062001254818,
            1.0
        ],
        [
            -0.32508875100869566,
            0.0,
            -0.9456835115235996,
            0.0,
            0.0,
            1.0,
            0.0,
            0.0,
            0.9456835115235996,
            0.0,
            -0.32508875100869566,
            0.0,
            1.9523383558498275,
            0.0,
            -0.017338066720463757,
            1.0
        ],
        [
            -0.3719934097129943,
            0.0,
            -0.9282353705446159,
            0.0,
            0.0,
            1.0,
            0.0,
            0.0,
            0.9282353705446159,
            0.0,
            -0.3719934097129943,
            0.0,
            2.0014578383809982,
            0.0,
            -0.019839648518026352,
            1.0
        ],
        [
            -0.41796641663953993,
            0.0,
            -0.9084624783454199,
            0.0,
            0.0,
            1.0,
            0.0,
            0.0,
            0.9084624783454199,
            0.0,
            -0.41796641663953993,
            0.0,
            2.0504533341804247,
            0.0,
            -0.02229154222077545,
            1.0
        ],
        [
            -0.46289263309900774,
            0.0,
            -0.8864143558306506,
            0.0,
            0.0,
            1.0,
            0.0,
            0.0,
            0.8864143558306506,
            0.0,
            -0.46289263309900774,
            0.0,
            2.09932748436302,
            0.0,
            -0.024687607098613732,
            1.0
        ],
        [
            -0.5066595420727107,
            0.0,
            -0.8621462221843063,
            0.0,
            0.0,
            1.0,
            0.0,
            0.0,
            0.8621462221843063,
            0.0,
            -0.5066595420727107,
            0.0,
            2.148083233951932,
            0.0,
            -0.027021842243877887,
            1.0
        ],
        [
            -0.5491575300097431,
            0.0,
            -0.835718856574146,
            0.0,
            0.0,
            1.0,
            0.0,
            0.0,
            0.835718856574146,
            0.0,
            -0.5491575300097431,
            0.0,
            2.196723824502773,
            0.0,
            -0.029288401600519615,
            1.0
        ],
        [
            -0.5902801613524348,
            0.0,
            -0.8071984459311994,
            0.0,
            0.0,
            1.0,
            0.0,
            0.0,
            0.8071984459311994,
            0.0,
            -0.5902801613524348,
            0.0,
            2.2452527859851994,
            0.0,
            -0.03148160860546317,
            1.0
        ],
        [
            -0.6299244451025693,
            0.0,
            -0.776656419185614,
            0.0,
            0.0,
            1.0,
            0.0,
            0.0,
            0.776656419185614,
            0.0,
            -0.6299244451025693,
            0.0,
            2.2936739279421516,
            0.0,
            -0.03359597040547034,
            1.0
        ],
        [
            -0.6679910927607561,
            0.0,
            -0.7441692683739978,
            0.0,
            0.0,
            1.0,
            0.0,
            0.0,
            0.7441692683739978,
            0.0,
            -0.6679910927607561,
            0.0,
            2.3419913299489155,
            0.0,
            -0.03562619161390697,
            1.0
        ],
        [
            -0.7043847669929514,
            0.0,
            -0.7098183570662889,
            0.0,
            0.0,
            1.0,
            0.0,
            0.0,
            0.7098183570662889,
            0.0,
            -0.7043847669929514,
            0.0,
            2.3902093313958876,
            0.0,
            -0.037567187572957385,
            1.0
        ],
        [
            -0.7390143204013464,
            0.0,
            -0.6736897165919457,
            0.0,
            0.0,
            1.0,
            0.0,
            0.0,
            0.6736897165919457,
            0.0,
            -0.7390143204013464,
            0.0,
            2.4383325206206394,
            0.0,
            -0.03941409708807179,
            1.0
        ],
        [
            -0.7717930238016242,
            0.0,
            -0.6358738305758035,
            0.0,
            0.0,
            1.0,
            0.0,
            0.0,
            0.6358738305758035,
            0.0,
            -0.7717930238016242,
            0.0,
            2.4863657234164953,
            0.0,
            -0.041162294602753266,
            1.0
        ],
        [
            -0.8026387834348685,
            0.0,
            -0.5964654083232273,
            0.0,
            0.0,
            1.0,
            0.0,
            0.0,
            0.5964654083232273,
            0.0,
            -0.8026387834348685,
            0.0,
            2.534313990946408,
            0.0,
            -0.042807401783192964,
            1.0
        ],
        [
            -0.8314743465701222,
            0.0,
            -0.5555631476221117,
            0.0,
            0.0,
            1.0,
            0.0,
            0.0,
            0.5555631476221117,
            0.0,
            -0.8314743465701222,
            0.0,
            2.5821825870923987,
            0.0,
            -0.044345298483739824,
            1.0
        ],
        [
            -0.8582274949826642,
            0.0,
            -0.5132694875557879,
            0.0,
            0.0,
            1.0,
            0.0,
            0.0,
            0.5132694875557879,
            0.0,
            -0.8582274949826642,
            0.0,
            2.6299769752722444,
            0.0,
            -0.045772133065742064,
            1.0
        ],
        [
            -0.882831225823443,
            0.0,
            -0.4696903519459145,
            0.0,
            0.0,
            1.0,
            0.0,
            0.0,
            0.4696903519459145,
            0.0,
            -0.882831225823443,
            0.0,
            2.677702804756435,
            0.0,
            -0.04708433204391693,
            1.0
        ],
        [
            -0.9052239194266837,
            0.0,
            -0.42493488406789204,
            0.0,
            0.0,
            1.0,
            0.0,
            0.0,
            0.42493488406789204,
            0.0,
            -0.9052239194266837,
            0.0,
            2.7253658965196577,
            0.0,
            -0.04827860903608977,
            1.0
        ],
        [
            -0.9253494936353919,
            0.0,
            -0.37911517330321115,
            0.0,
            0.0,
            1.0,
            0.0,
            0.0,
            0.37911517330321115,
            0.0,
            -0.9253494936353919,
            0.0,
            2.7729722286622582,
            0.0,
            -0.049351972993887536,
            1.0
        ],
        [
            -0.9431575442582563,
            0.0,
            -0.33234597441331426,
            0.0,
            0.0,
            1.0,
            0.0,
            0.0,
            0.33234597441331426,
            0.0,
            -0.9431575442582563,
            0.0,
            2.82052792143818,
            0.0,
            -0.050301735693773636,
            1.0
        ],
        [
            -0.9586034713061699,
            0.0,
            -0.28474442013806217,
            0.0,
            0.0,
            1.0,
            0.0,
            0.0,
            0.28474442013806217,
            0.0,
            -0.9586034713061699,
            0.0,
            2.8680392219268835,
            0.0,
            -0.05112551846966236,
            1.0
        ],
        [
            -0.9716485906922172,
            0.0,
            -0.23642972783858662,
            0.0,
            0.0,
            1.0,
            0.0,
            0.0,
            0.23642972783858662,
            0.0,
            -0.9716485906922172,
            0.0,
            2.915512488387628,
            0.0,
            -0.05182125817025155,
            1.0
        ],
        [
            -0.9822602311153763,
            0.0,
            -0.1875229009192412,
            0.0,
            0.0,
            1.0,
            0.0,
            0.0,
            0.1875229009192412,
            0.0,
            -0.9822602311153763,
            0.0,
            2.962954174335313,
            0.0,
            -0.05238721232615337,
            1.0
        ],
        [
            -0.9904118158852891,
            0.0,
            -0.13814642577643502,
            0.0,
            0.0,
            1.0,
            0.0,
            0.0,
            0.13814642577643502,
            0.0,
            -0.9904118158852891,
            0.0,
            3.010370812377747,
            0.0,
            -0.052821963513882055,
            1.0
        ],
        [
            -0.9960829294831749,
            0.0,
            -0.08842396503333513,
            0.0,
            0.0,
            1.0,
            0.0,
            0.0,
            0.08842396503333513,
            0.0,
            -0.9960829294831749,
            0.0,
            3.0577689978548315,
            0.0,
            -0.0531244229057693,
            1.0
        ],
        [
            -0.9992593686921823,
            0.0,
            -0.03848004782872739,
            0.0,
            0.0,
            1.0,
            0.0,
            0.0,
            0.03848004782872739,
            0.0,
            -0.9992593686921823,
            0.0,
            3.105155372320636,
            0.0,
            -0.05329383299691636,
            1.0
        ],
        [
            -0.9999331781691289,
            0.0,
            0.011560242064297916,
            0.0,
            0.0,
            1.0,
            0.0,
            0.0,
            -0.011560242064297916,
            0.0,
            -0.9999331781691289,
            0.0,
            3.1525366069097247,
            0.0,
            -0.053329769502353505,
            1.0
        ],
        [
            -0.9981026703685346,
            0.0,
            0.061571579508733425,
            0.0,
            0.0,
            1.0,
            0.0,
            0.0,
            -0.061571579508733425,
            0.0,
            -0.9981026703685346,
            0.0,
            3.199919385629405,
            0.0,
            -0.05323214241965515,
            1.0
        ],
        [
            -0.9937724297690547,
            0.0,
            0.11142871187853431,
            0.0,
            0.0,
            1.0,
            0.0,
            0.0,
            -0.11142871187853431,
            0.0,
            -0.9937724297690547,
            0.0,
            3.247310388619732,
            0.0,
            -0.05300119625434955,
            1.0
        ],
        [
            -0.9869533013917221,
            0.0,
            0.16100677275189537,
            0.0,
            0.0,
            1.0,
            0.0,
            0.0,
            -0.16100677275189537,
            0.0,
            -0.9869533013917221,
            0.0,
            3.2947162754232027,
            0.0,
            -0.05263750940755848,
            1.0
        ],
        [
            -0.9776623636387605,
            0.0,
            0.2101815946372853,
            0.0,
            0.0,
            1.0,
            0.0,
            0.0,
            -0.2101815946372853,
            0.0,
            -0.9776623636387605,
            0.0,
            3.342143668306032,
            0.0,
            -0.05214199272740053,
            1.0
        ],
        [
            -0.9659228855209867,
            0.0,
            0.2588300199490212,
            0.0,
            0.0,
            1.0,
            0.0,
            0.0,
            -0.2588300199490212,
            0.0,
            -0.9659228855209867,
            0.0,
            3.3895991356727895,
            0.0,
            -0.051515887227785925,
            1.0
        ],
        [
            -0.9517642683809322,
            0.0,
            0.30683020945354905,
            0.0,
            0.0,
            1.0,
            0.0,
            0.0,
            -0.30683020945354905,
            0.0,
            -0.9517642683809322,
            0.0,
            3.4370891756159314,
            0.0,
            -0.05076076098031635,
            1.0
        ],
        [
            -0.9352219722576316,
            0.0,
            0.3540619474139319,
            0.0,
            0.0,
            1.0,
            0.0,
            0.0,
            -0.3540619474139319,
            0.0,
            -0.9352219722576316,
            0.0,
            3.484620199641428,
            0.0,
            -0.04987850518707366,
            1.0
        ],
        [
            -0.9163374270775,
            0.0,
            0.4004069426683151,
            0.0,
            0.0,
            1.0,
            0.0,
            0.0,
            -0.4004069426683151,
            0.0,
            -0.9163374270775,
            0.0,
            3.5321985166112437,
            0.0,
            -0.048871329444133305,
            1.0
        ],
        [
            -0.8951579288937196,
            0.0,
            0.4457491248883238,
            0.0,
            0.0,
            1.0,
            0.0,
            0.0,
            -0.4457491248883238,
            0.0,
            -0.8951579288937196,
            0.0,
            3.5798303169428936,
            0.0,
            -0.04774175620766501,
            1.0
        ],
        [
            -0.8717365214340005,
            0.0,
            0.48997493527541625,
            0.0,
            0.0,
            1.0,
            0.0,
            0.0,
            -0.48997493527541625,
            0.0,
            -0.8717365214340005,
            0.0,
            3.627521657105632,
            0.0,
            -0.046492614476479996,
            1.0
        ],
        [
            -0.8461318632533806,
            0.0,
            0.5329736109671495,
            0.0,
            0.0,
            1.0,
            0.0,
            0.0,
            -0.5329736109671495,
            0.0,
            -0.8461318632533806,
            0.0,
            3.6752784444521227,
            0.0,
            -0.04512703270684694,
            1.0
        ],
        [
            -0.8184080808247755,
            0.0,
            0.5746374624410662,
            0.0,
            0.0,
            1.0,
            0.0,
            0.0,
            -0.5746374624410662,
            0.0,
            -0.8184080808247755,
            0.0,
            3.723106422423564,
            0.0,
            -0.04364843097732133,
            1.0
        ],
        [
            -0.7886346079352126,
            0.0,
            0.6148621432214489,
            0.0,
            0.0,
            1.0,
            0.0,
            0.0,
            -0.6148621432214489,
            0.0,
            -0.7886346079352126,
            0.0,
            3.771011156165327,
            0.0,
            -0.042060512423211315,
            1.0
        ],
        [
            -0.7568860117899787,
            0.0,
            0.6535469112134646,
            0.0,
            0.0,
            1.0,
            0.0,
            0.0,
            -0.6535469112134646,
            0.0,
            -0.7568860117899787,
            0.0,
            3.818998018589136,
            0.0,
            -0.04036725396213217,
            1.0
        ],
        [
            -0.7232418062602006,
            0.0,
            0.6905948810101928,
            0.0,
            0.0,
            1.0,
            0.0,
            0.0,
            -0.6905948810101928,
            0.0,
            -0.7232418062602006,
            0.0,
            3.867072176916694,
            0.0,
            -0.038572896333877345,
            1.0
        ],
        [
            -0.6877862527415765,
            0.0,
            0.7259132665406387,
            0.0,
            0.0,
            1.0,
            0.0,
            0.0,
            -0.7259132665406387,
            0.0,
            -0.6877862527415765,
            0.0,
            3.9152385797384537,
            0.0,
            -0.036681933479550725,
            1.0
        ],
        [
            -0.6506081491230051,
            0.0,
            0.7594136134510215,
            0.0,
            0.0,
            1.0,
            0.0,
            0.0,
            -0.7594136134510215,
            0.0,
            -0.6506081491230051,
            0.0,
            3.9635019446199498,
            0.0,
            -0.03469910128656025,
            1.0
        ],
        [
            -0.6118006073936383,
            0.0,
            0.7910120206373448,
            0.0,
            0.0,
            1.0,
            0.0,
            0.0,
            -0.7910120206373448,
            0.0,
            -0.6118006073936383,
            0.0,
            4.01186674628673,
            0.0,
            -0.03262936572766069,
            1.0
        ],
        [
            -0.5714608204453347,
            0.0,
            0.8206293503744213,
            0.0,
            0.0,
            1.0,
            0.0,
            0.0,
            -0.8206293503744213,
            0.0,
            -0.5714608204453347,
            0.0,
            4.0603372054174685,
            0.0,
            -0.03047791042375117,
            1.0
        ],
        [
            -0.5296898186545563,
            0.0,
            0.8481914265150899,
            0.0,
            0.0,
            1.0,
            0.0,
            0.0,
            -0.8481914265150899,
            0.0,
            -0.5296898186545563,
            0.0,
            4.10891727807335,
            0.0,
            -0.02825012366157632,
            1.0
        ],
        [
            -0.48659221685334225,
            0.0,
            0.8736292202632361,
            0.0,
            0.0,
            1.0,
            0.0,
            0.0,
            -0.8736292202632361,
            0.0,
            -0.48659221685334225,
            0.0,
            4.157610645790165,
            0.0,
            -0.025951584898844905,
            1.0
        ],
        [
            -0.4422759523230707,
            0.0,
            0.896879023055351,
            0.0,
            0.0,
            1.0,
            0.0,
            0.0,
            -0.896879023055351,
            0.0,
            -0.4422759523230707,
            0.0,
            4.206420706357969,
            0.0,
            -0.023588050790563756,
            1.0
        ],
        [
            -0.3968520144671961,
            0.0,
            0.9178826061176497,
            0.0,
            0.0,
            1.0,
            0.0,
            0.0,
            -0.9178826061176497,
            0.0,
            -0.3968520144671961,
            0.0,
            4.255350565311363,
            0.0,
            -0.02116544077158378,
            1.0
        ],
        [
            -0.35043416683999384,
            0.0,
            0.93658736629914,
            0.0,
            0.0,
            1.0,
            0.0,
            0.0,
            -0.93658736629914,
            0.0,
            -0.35043416683999384,
            0.0,
            4.304403028151734,
            0.0,
            -0.018689822231466327,
            1.0
        ],
        [
            -0.3031386622274869,
            0.0,
            0.9529464578154061,
            0.0,
            0.0,
            1.0,
            0.0,
            0.0,
            -0.9529464578154061,
            0.0,
            -0.3031386622274869,
            0.0,
            4.353580593320916,
            0.0,
            -0.016167395318799294,
            1.0
        ],
        [
            -0.2550839514941301,
            0.0,
            0.9669189095731556,
            0.0,
            0.0,
            1.0,
            0.0,
            0.0,
            -0.9669189095731556,
            0.0,
            -0.2550839514941301,
            0.0,
            4.402885445943887,
            0.0,
            -0.013604477413020264,
            1.0
        ],
        [
            -0.20639038692444023,
            0.0,
            0.9784697277816927,
            0.0,
            0.0,
            1.0,
            0.0,
            0.0,
            -0.9784697277816927,
            0.0,
            -0.20639038692444023,
            0.0,
            4.452319452356147,
            0.0,
            -0.011007487302636806,
            1.0
        ],
        [
            -0.15717992080254903,
            0.0,
            0.9875699835943296,
            0.0,
            0.0,
            1.0,
            0.0,
            0.0,
            -0.9875699835943296,
            0.0,
            -0.15717992080254903,
            0.0,
            4.501884155429524,
            0.0,
            -0.008382929109469276,
            1.0
        ],
        [
            -0.10757579998458197,
            0.0,
            0.9941968855602381,
            0.0,
            0.0,
            1.0,
            0.0,
            0.0,
            -0.9941968855602381,
            0.0,
            -0.10757579998458197,
            0.0,
            4.551580770708059,
            0.0,
            -0.005737375999177702,
            1.0
        ],
        [
            -0.05770225722880111,
            0.0,
            0.9983338367052883,
            0.0,
            0.0,
            1.0,
            0.0,
            0.0,
            -0.9983338367052883,
            0.0,
            -0.05770225722880111,
            0.0,
            4.601410183363706,
            0.0,
            -0.0030774537188693906,
            1.0
        ],
        [
            -0.007684200056571172,
            0.0,
            0.9999704760989149,
            0.0,
            0.0,
            1.0,
            0.0,
            0.0,
            -0.9999704760989149,
            0.0,
            -0.007684200056571172,
            0.0,
            4.651372945979429,
            0.0,
            -0.0004098240030171289,
            1.0
        ],
        [
            0.04235310207660805,
            0.0,
            0.9991027048029089,
            0.0,
            -0.0,
            1.0,
            0.0,
            0.0,
            -0.9991027048029089,
            -0.0,
            0.04235310207660805,
            0.0,
            4.701469277165266,
            0.0,
            0.002258832110752428,
            1.0
        ],
        [
            0.0922843315165278,
            0.0,
            0.9957326961371449,
            0.0,
            -0.0,
            1.0,
            0.0,
            0.0,
            -0.9957326961371449,
            -0.0,
            0.0922843315165278,
            0.0,
            4.751699061010823,
            0.0,
            0.004921831014214813,
            1.0
        ],
        [
            0.14198443626640944,
            0.0,
            0.9898688902365352,
            0.0,
            -0.0,
            1.0,
            0.0,
            0.0,
            -0.9898688902365352,
            -0.0,
            0.14198443626640944,
            0.0,
            4.802061847375573,
            0.0,
            0.007572503267541833,
            1.0
        ],
        [
            0.19132894317770863,
            0.0,
            0.981525972912842,
            0.0,
            -0.0,
            1.0,
            0.0,
            0.0,
            -0.981525972912842,
            -0.0,
            0.19132894317770863,
            0.0,
            4.85255685301622,
            0.0,
            0.01020421030281112,
            1.0
        ],
        [
            0.24019426969120278,
            0.0,
            0.9707248388742866,
            0.0,
            -0.0,
            1.0,
            0.0,
            0.0,
            -0.9707248388742866,
            -0.0,
            0.24019426969120278,
            0.0,
            4.903182963548327,
            0.0,
            0.012810361050197474,
            1.0
        ],
        [
            0.2884580333476115,
            0.0,
            0.9574925393950745,
            0.0,
            -0.0,
            1.0,
            0.0,
            0.0,
            -0.9574925393950745,
            -0.0,
            0.2884580333476115,
            0.0,
            4.9539387362372675,
            0.0,
            0.015384428445205937,
            1.0
        ],
        [
            0.3359993582925849,
            0.0,
            0.9418622145658946,
            0.0,
            -0.0,
            1.0,
            0.0,
            0.0,
            -0.9418622145658946,
            -0.0,
            0.3359993582925849,
            0.0,
            5.0048224036115405,
            0.0,
            0.017919965775604518,
            1.0
        ],
        [
            0.38269917800842357,
            0.0,
            0.9238730102950713,
            0.0,
            -0.0,
            1.0,
            0.0,
            0.0,
            -0.9238730102950713,
            -0.0,
            0.38269917800842357,
            0.0,
            5.055831877889368,
            0.0,
            0.02041062282711591,
            1.0
        ],
        [
            0.4284405335143417,
            0.0,
            0.9035699802682392,
            0.0,
            -0.0,
            1.0,
            0.0,
