{
    "5085284336": [
        [
            1.0,
            0.0,
            0.0,
            0.0,
            -0.0,
            1.0,
            0.0,
            0.0,
            0.0,
            -0.0,
            1.0,
            0.0,
            0.0,
            0.0,
            0.0533333333333333,
            1.0
        ],
        [
            0.9996868904022163,
            0.025022413111994393,
            0.0,
            0.0,
            -0.025022413111994393,
            0.9996868904022163,
            0.0,
            0.0,
            0.0,
            -0.0,
            1.0,
            0.0,
            0.010010010010010012,
            0.0,
            0.0533333333333333,
            1.0
        ],
        [
            0.9987477576841054,
            0.05002915670857863,
            0.0,
            0.0,
            -0.05002915670857863,
            0.9987477576841054,
            0.0,
            0.0,
            0.0,
            -0.0,
            1.0,
            0.0,
            0.020020020020020023,
            0.0,
            0.0533333333333333,
            1.0
        ],
        [
            0.9971831899486027,
            0.0750045710868939,
            0.0,
            0.0,
            -0.0750045710868939,
            0.9971831899486027,
            0.0,
            0.0,
            0.0,
            -0.0,
            1.0,
            0.0,
            0.030030030030030037,
            0.0,
            0.0533333333333333,
            1.0
        ],
        [
            0.994994166958057,
            0.09993301616303928,
            0.0,
            0.0,
            -0.09993301616303928,
            0.994994166958057,
            0.0,
            0.0,
            0.0,
            -0.0,
            1.0,
            0.0,
            0.040040040040040054,
            0.0,
            0.0533333333333333,
            1.0
        ],
        [
            0.9921820595206844,
            0.12479888126619236,
            0.0,
            0.0,
            -0.12479888126619236,
            0.9921820595206844,
            0.0,
            0.0,
            0.0,
            -0.0,
            1.0,
            0.0,
            0.050050050050050074,
            0.0,
            0.0533333333333333,
            1.0
        ],
        [
            0.9887486286321422,
            0.1495865949143112,
            0.0,
            0.0,
            -0.1495865949143112,
            0.9887486286321422,
            0.0,
            0.0,
            0.0,
            -0.0,
            1.0,
            0.0,
            0.06006006006006008,
            0.0,
            0.0533333333333333,
            1.0
        ],
        [
            0.9846960243727595,
            0.17428063456529513,
            0.0,
            0.0,
            -0.17428063456529513,
            0.9846960243727595,
            0.0,
            0.0,
            0.0,
            -0.0,
            1.0,
            0.0,
            0.0700700700700701,
            0.0,
            0.0533333333333333,
            1.0
        ],
        [
            0.9800267845611155,
            0.19886553633749857,
            0.0,
            0.0,
            -0.19886553633749857,
            0.9800267845611155,
            0.0,
            0.0,
            0.0,
            -0.0,
            1.0,
            0.0,
            0.08008008008008011,
            0.0,
            0.0533333333333333,
            1.0
        ],
        [
            0.9747438331648091,
            0.2233259046935106,
            0.0,
            0.0,
            -0.2233259046935106,
            0.9747438331648091,
            0.0,
            0.0,
            0.0,
            -0.0,
            1.0,
            0.0,
            0.0900900900900901,
            0.0,
            0.0533333333333333,
            1.0
        ],
        [
            0.9688504784694136,
            0.24764642208113616,
            0.0,
            0.0,
            -0.24764642208113616,
            0.9688504784694136,
            0.0,
            0.0,
            0.0,
            -0.0,
            1.0,
            0.0,
            0.10010010010010012,
            0.0,
            0.0533333333333333,
            1.0
        ],
        [
            0.962350411006766,
            0.27181185852554085,
            0.0,
            0.0,
            -0.27181185852554085,
            0.962350411006766,
            0.0,
            0.0,
            0.0,
            -0.0,
            1.0,
            0.0,
            0.11011011011011013,
            0.0,
            0.0533333333333333,
            1.0
        ],
        [
            0.9552477012438836,
            0.2958070811665539,
            0.0,
            0.0,
            -0.2958070811665539,
            0.9552477012438836,
            0.0,
            0.0,
            0.0,
            -0.0,
            1.0,
            0.0,
            0.12012012012012013,
            0.0,
            0.0533333333333333,
            1.0
        ],
        [
            0.9475467970339604,
            0.31961706373515575,
            0.0,
            0.0,
            -0.31961706373515575,
            0.9475467970339604,
            0.0,
            0.0,
            0.0,
            -0.0,
            1.0,
            0.0,
            0.13013013013013014,
            0.0,
            0.0533333333333333,
            1.0
        ],
        [
            0.939252520831036,
            0.3432268959632157,
            0.0,
            0.0,
            -0.3432268959632157,
            0.939252520831036,
            0.0,
            0.0,
            0.0,
            -0.0,
            1.0,
            0.0,
            0.14014014014014017,
            0.0,
            0.0533333333333333,
            1.0
        ],
        [
            0.9303700666700823,
            0.3666217929205884,
            0.0,
            0.0,
            -0.3666217929205884,
            0.9303700666700823,
            0.0,
            0.0,
            0.0,
            -0.0,
            1.0,
            0.0,
            0.15015015015015018,
            0.0,
            0.0533333333333333,
            1.0
        ],
        [
            0.9209049969143981,
            0.38978710427372076,
            0.0,
            0.0,
            -0.38978710427372076,
            0.9209049969143981,
            0.0,
            0.0,
            0.0,
            -0.0,
            1.0,
            0.0,
            0.16016016016016016,
            0.0,
            0.0533333333333333,
            1.0
        ],
        [
            0.9108632387723521,
            0.4127083234599723,
            0.0,
            0.0,
            -0.4127083234599723,
            0.9108632387723521,
            0.0,
            0.0,
            0.0,
            -0.0,
            1.0,
            0.0,
            0.17017017017017017,
            0.0,
            0.0533333333333333,
            1.0
        ],
        [
            0.9002510805856501,
            0.4353710967719027,
            0.0,
            0.0,
            -0.4353710967719027,
            0.9002510805856501,
            0.0,
            0.0,
            0.0,
            -0.0,
            1.0,
            0.0,
            0.18018018018018017,
            0.0,
            0.0533333333333333,
            1.0
        ],
        [
            0.8890751678914548,
            0.4577612323458393,
            0.0,
            0.0,
            -0.4577612323458393,
            0.8890751678914548,
            0.0,
            0.0,
            0.0,
            -0.0,
            1.0,
            0.0,
            0.1901901901901902,
            0.0,
            0.0533333333333333,
            1.0
        ],
        [
            0.8773424992608235,
            0.4798647090490943,
            0.0,
            0.0,
            -0.4798647090490943,
            0.8773424992608235,
            0.0,
            0.0,
            0.0,
            -0.0,
            1.0,
            0.0,
            0.2002002002002002,
            0.0,
            0.0533333333333333,
            1.0
        ],
        [
            0.8650604219160679,
            0.5016676852602673,
            0.0,
            0.0,
            -0.5016676852602673,
            0.8650604219160679,
            0.0,
            0.0,
            0.0,
            -0.0,
            1.0,
            0.0,
            0.21021021021021022,
            0.0,
            0.0533333333333333,
            1.0
        ],
        [
            0.8522366271297828,
            0.5231565075371343,
            0.0,
            0.0,
            -0.5231565075371343,
            0.8522366271297828,
            0.0,
            0.0,
            0.0,
            -0.0,
            1.0,
            0.0,
            0.22022022022022023,
            0.0,
            0.0533333333333333,
            1.0
        ],
        [
            0.8388791454084231,
            0.5443177191666955,
            0.0,
            0.0,
            -0.5443177191666955,
            0.8388791454084231,
            0.0,
            0.0,
            0.0,
            -0.0,
            1.0,
            0.0,
            0.23023023023023023,
            0.0,
            0.0533333333333333,
            1.0
        ],
        [
            0.8249963414634476,
            0.5651380685920271,
            0.0,
            0.0,
            -0.5651380685920271,
            0.8249963414634476,
            0.0,
            0.0,
            0.0,
            -0.0,
            1.0,
            0.0,
            0.24024024024024024,
            0.0,
            0.0533333333333333,
            1.0
        ],
        [
            0.8105969089731746,
            0.5856045177106602,
            0.0,
            0.0,
            -0.5856045177106602,
            0.8105969089731746,
            0.0,
            0.0,
            0.0,
            -0.0,
            1.0,
            0.0,
            0.2502502502502503,
            0.0,
            0.0533333333333333,
            1.0
        ],
        [
            0.7956898651386348,
            0.605704250039292,
            0.0,
            0.0,
            -0.605704250039292,
            0.7956898651386348,
            0.0,
            0.0,
            0.0,
            -0.0,
            1.0,
            0.0,
            0.2602602602602603,
            0.0,
            0.0533333333333333,
            1.0
        ],
        [
            0.7802845450368266,
            0.6254246787397124,
            0.0,
            0.0,
            -0.6254246787397124,
            0.7802845450368266,
            0.0,
            0.0,
            0.0,
            -0.0,
            1.0,
            0.0,
            0.2702702702702703,
            0.0,
            0.0533333333333333,
            1.0
        ],
        [
            0.7643905957749119,
            0.6447534545009243,
            0.0,
            0.0,
            -0.6447534545009243,
            0.7643905957749119,
            0.0,
            0.0,
            0.0,
            -0.0,
            1.0,
            0.0,
            0.2802802802802803,
            0.0,
            0.0533333333333333,
            1.0
        ],
        [
            0.7480179704490115,
            0.663678473272519,
            0.0,
            0.0,
            -0.663678473272519,
            0.7480179704490115,
            0.0,
            0.0,
            0.0,
            -0.0,
            1.0,
            0.0,
            0.2902902902902903,
            0.0,
            0.0533333333333333,
            1.0
        ],
        [
            0.7311769219113864,
            0.6821878838444657,
            0.0,
            0.0,
            -0.6821878838444657,
            0.7311769219113864,
            0.0,
            0.0,
            0.0,
            -0.0,
            1.0,
            0.0,
            0.3003003003003003,
            0.0,
            0.0533333333333333,
            1.0
        ],
        [
            0.7138779963499046,
            0.7002700952685654,
            0.0,
            0.0,
            -0.7002700952685654,
            0.7138779963499046,
            0.0,
            0.0,
            0.0,
            -0.0,
            1.0,
            0.0,
            0.31031031031031037,
            0.0,
            0.0533333333333333,
            1.0
        ],
        [
            0.6961320266838151,
            0.717913784116926,
            0.0,
            0.0,
            -0.717913784116926,
            0.6961320266838151,
            0.0,
            0.0,
            0.0,
            -0.0,
            1.0,
            0.0,
            0.3203203203203204,
            0.0,
            0.0533333333333333,
            1.0
        ],
        [
            0.6779501257799668,
            0.7351079015729101,
            0.0,
            0.0,
            -0.7351079015729101,
            0.6779501257799668,
            0.0,
            0.0,
            0.0,
            -0.0,
            1.0,
            0.0,
            0.3303303303303304,
            0.0,
            0.0533333333333333,
            1.0
        ],
        [
            0.6593436794937177,
            0.7518416803501157,
            0.0,
            0.0,
            -0.7518416803501157,
            0.6593436794937177,
            0.0,
            0.0,
            0.0,
            -0.0,
            1.0,
            0.0,
            0.3403403403403404,
            0.0,
            0.0533333333333333,
            1.0
        ],
        [
            0.6403243395388936,
            0.7681046414350585,
            0.0,
            0.0,
            -0.7681046414350585,
            0.6403243395388936,
            0.0,
            0.0,
            0.0,
            -0.0,
            1.0,
            0.0,
            0.3503503503503504,
            0.0,
            0.0533333333333333,
            1.0
        ],
        [
            0.620904016191261,
            0.78388660064933,
            0.0,
            0.0,
            -0.78388660064933,
            0.620904016191261,
            0.0,
            0.0,
            0.0,
            -0.0,
            1.0,
            0.0,
            0.3603603603603604,
            0.0,
            0.0533333333333333,
            1.0
        ],
        [
            0.6010948708300846,
            0.7991776750271269,
            0.0,
            0.0,
            -0.7991776750271269,
            0.6010948708300846,
            0.0,
            0.0,
            0.0,
            -0.0,
            1.0,
            0.0,
            0.3703703703703704,
            0.0,
            0.0533333333333333,
            1.0
        ],
        [
            0.580909308322437,
            0.8139682890041526,
            0.0,
            0.0,
            -0.8139682890041526,
            0.580909308322437,
            0.0,
            0.0,
            0.0,
            -0.0,
            1.0,
            0.0,
            0.38038038038038047,
            0.0,
            0.0533333333333333,
            1.0
        ],
        [
            0.5603599692550342,
            0.8282491804140207,
            0.0,
            0.0,
            -0.8282491804140207,
            0.5603599692550342,
            0.0,
            0.0,
            0.0,
            -0.0,
            1.0,
            0.0,
            0.3903903903903905,
            0.0,
            0.0533333333333333,
            1.0
        ],
        [
            0.5394597220184563,
            0.8420114062884005,
            0.0,
            0.0,
            -0.8420114062884005,
            0.5394597220184563,
            0.0,
            0.0,
            0.0,
            -0.0,
            1.0,
            0.0,
            0.4004004004004005,
            0.0,
            0.0533333333333333,
            1.0
        ],
        [
            0.5182216547487148,
            0.8552463484572757,
            0.0,
            0.0,
            -0.8552463484572757,
            0.5182216547487148,
            0.0,
            0.0,
            0.0,
            -0.0,
            1.0,
            0.0,
            0.4104104104104105,
            0.0,
            0.0533333333333333,
            1.0
        ],
        [
            0.49665906713121094,
            0.8679457189458079,
            0.0,
            0.0,
            -0.8679457189458079,
            0.49665906713121094,
            0.0,
            0.0,
            0.0,
            -0.0,
            1.0,
            0.0,
            0.4204204204204205,
            0.0,
            0.0533333333333333,
            1.0
        ],
        [
            0.47478546207221684,
            0.8801015651644255,
            0.0,
            0.0,
            -0.8801015651644255,
            0.47478546207221684,
            0.0,
            0.0,
            0.0,
            -0.0,
            1.0,
            0.0,
            0.4304304304304305,
            0.0,
            0.0533333333333333,
            1.0
        ],
        [
            0.4526145372430967,
            0.8917062748888882,
            0.0,
            0.0,
            -0.8917062748888882,
            0.4526145372430967,
            0.0,
            0.0,
            0.0,
            -0.0,
            1.0,
            0.0,
            0.4404404404404405,
            0.0,
            0.0533333333333333,
            1.0
        ],
        [
            0.43016017650256205,
            0.9027525810272075,
            0.0,
            0.0,
            -0.9027525810272075,
            0.43016017650256205,
            0.0,
            0.0,
            0.0,
            -0.0,
            1.0,
            0.0,
            0.4504504504504505,
            0.0,
            0.0533333333333333,
            1.0
        ],
        [
            0.40743644120233274,
            0.9132335661704393,
            0.0,
            0.0,
            -0.9132335661704393,
            0.40743644120233274,
            0.0,
            0.0,
            0.0,
            -0.0,
            1.0,
            0.0,
            0.4604604604604605,
            0.0,
            0.0533333333333333,
            1.0
        ],
        [
            0.3844575613816489,
            0.9231426669244985,
            0.0,
            0.0,
            -0.9231426669244985,
            0.3844575613816489,
            0.0,
            0.0,
            0.0,
            -0.0,
            1.0,
            0.0,
            0.4704704704704705,
            0.0,
            0.0533333333333333,
            1.0
        ],
        [
            0.3612379268561467,
            0.9324736780202824,
            0.0,
            0.0,
            -0.9324736780202824,
            0.3612379268561467,
            0.0,
            0.0,
            0.0,
            -0.0,
            1.0,
            0.0,
            0.4804804804804803,
            0.0,
            0.0533333333333333,
            1.0
        ],
        [
            0.33779207820668017,
            0.9412207561995284,
            0.0,
            0.0,
            -0.9412207561995284,
            0.33779207820668017,
            0.0,
            0.0,
            0.0,
            -0.0,
            1.0,
            0.0,
            0.4904904904904903,
            0.0,
            0.0533333333333333,
            1.0
        ],
        [
            0.31413469767373,
            0.9493784238739756,
            0.0,
            0.0,
            -0.9493784238739756,
            0.31413469767373,
            0.0,
            0.0,
            0.0,
            -0.0,
            1.0,
            0.0,
            0.5005005005005003,
            0.0,
            0.0533333333333333,
            1.0
        ],
        [
            0.29028059996310274,
            0.9569415725555355,
            0.0,
            0.0,
            -0.9569415725555355,
            0.29028059996310274,
            0.0,
            0.0,
            0.0,
            -0.0,
            1.0,
            0.0,
            0.5105105105105103,
            0.0,
            0.0533333333333333,
            1.0
        ],
        [
            0.2662447229686777,
            0.9639054660553243,
            0.0,
            0.0,
            -0.9639054660553243,
            0.2662447229686777,
            0.0,
            0.0,
            0.0,
            -0.0,
            1.0,
            0.0,
            0.5205205205205203,
            0.0,
            0.0533333333333333,
            1.0
        ],
        [
            0.24204211841801113,
            0.970265743449557,
            0.0,
            0.0,
            -0.970265743449557,
            0.24204211841801113,
            0.0,
            0.0,
            0.0,
            -0.0,
            1.0,
            0.0,
            0.5305305305305303,
            0.0,
            0.0533333333333333,
            1.0
        ],
        [
            0.2176879424466549,
            0.97601842181044,
            0.0,
            0.0,
            -0.97601842181044,
            0.2176879424466549,
            0.0,
            0.0,
            0.0,
            -0.0,
            1.0,
            0.0,
            0.5405405405405406,
            0.0,
            0.0533333333333333,
            1.0
        ],
        [
            0.19319744610709544,
            0.9811598987003576,
            0.0,
            0.0,
            -0.9811598987003576,
            0.19319744610709544,
            0.0,
            0.0,
            0.0,
            -0.0,
            1.0,
            0.0,
            0.5505505505505506,
            0.0,
            0.0533333333333333,
            1.0
        ],
        [
            0.1685859658182491,
            0.985686954427788,
            0.0,
            0.0,
            -0.985686954427788,
            0.1685859658182491,
            0.0,
            0.0,
            0.0,
            -0.0,
            1.0,
            0.0,
            0.5605605605605606,
            0.0,
            0.0533333333333333,
            1.0
        ],
        [
            0.14386891376150407,
            0.9895967540635352,
            0.0,
            0.0,
            -0.9895967540635352,
            0.14386891376150407,
            0.0,
            0.0,
            0.0,
            -0.0,
            1.0,
            0.0,
            0.5705705705705706,
            0.0,
            0.0533333333333333,
            1.0
        ],
        [
            0.11906176822931613,
            0.9928868492160164,
            0.0,
            0.0,
            -0.9928868492160164,
            0.11906176822931613,
            0.0,
            0.0,
            0.0,
            -0.0,
            1.0,
            0.0,
            0.5805805805805806,
            0.0,
            0.0533333333333333,
            1.0
        ],
        [
            0.09418006393240479,
            0.9955551795644921,
            0.0,
            0.0,
            -0.9955551795644921,
            0.09418006393240479,
            0.0,
            0.0,
            0.0,
            -0.0,
            1.0,
            0.0,
            0.5905905905905908,
            0.0,
            0.0533333333333333,
            1.0
        ],
        [
            0.0692393822716192,
            0.9976000741492778,
            0.0,
            0.0,
            -0.9976000741492778,
            0.0692393822716192,
            0.0,
            0.0,
            0.0,
            -0.0,
            1.0,
            0.0,
            0.6006006006006008,
            0.0,
            0.0533333333333333,
            1.0
        ],
        [
            0.044255341580565884,
            0.9990202524181316,
            0.0,
            0.0,
            -0.9990202524181316,
            0.044255341580565884,
            0.0,
            0.0,
            0.0,
            -0.0,
            1.0,
            0.0,
            0.6106106106106108,
            0.0,
            0.0533333333333333,
            1.0
        ],
        [
            0.019243587345108417,
            0.9998148250281605,
            0.0,
            0.0,
            -0.9998148250281605,
            0.019243587345108417,
            0.0,
            0.0,
            0.0,
            -0.0,
            1.0,
            0.0,
            0.6206206206206208,
            0.0,
            0.0533333333333333,
            1.0
        ],
        [
            -0.005780217594136139,
            0.9999832944027437,
            0.0,
            0.0,
            -0.9999832944027437,
            -0.005780217594136139,
            0.0,
            0.0,
            0.0,
            -0.0,
            1.0,
            0.0,
            0.6306306306306307,
            0.0,
            0.0533333333333333,
            1.0
        ],
        [
            -0.03080040285016869,
            0.9995255550431251,
            0.0,
            0.0,
            -0.9995255550431251,
            -0.03080040285016869,
            0.0,
            0.0,
            0.0,
            -0.0,
            1.0,
            0.0,
            0.6406406406406407,
            0.0,
            0.0533333333333333,
            1.0
        ],
        [
            -0.05580130030270525,
            0.9984418935944782,
            0.0,
            0.0,
            -0.9984418935944782,
            -0.05580130030270525,
            0.0,
            0.0,
            0.0,
            -0.0,
            1.0,
            0.0,
            0.6506506506506508,
            0.0,
            0.0533333333333333,
            1.0
        ],
        [
            -0.08076725390985463,
            0.9967329886664036,
            0.0,
            0.0,
            -0.9967329886664036,
            -0.08076725390985463,
            0.0,
            0.0,
            0.0,
            -0.0,
            1.0,
            0.0,
            0.6606606606606608,
            0.0,
            0.0533333333333333,
            1.0
        ],
        [
            -0.1056826295122324,
            0.9943999104079707,
            0.0,
            0.0,
            -0.9943999104079707,
            -0.1056826295122324,
            0.0,
            0.0,
            0.0,
            -0.0,
            1.0,
            0.0,
            0.6706706706706708,
            0.0,
            0.0533333333333333,
            1.0
        ],
        [
            -0.13053182462337154,
            0.9914441198375697,
            0.0,
            0.0,
            -0.9914441198375697,
            -0.13053182462337154,
            0.0,
            0.0,
            0.0,
            -0.0,
            1.0,
            0.0,
            0.6806806806806808,
            0.0,
            0.0533333333333333,
            1.0
        ],
        [
            -0.15529927820029907,
            0.987867467927994,
            0.0,
            0.0,
            -0.987867467927994,
            -0.15529927820029907,
            0.0,
            0.0,
            0.0,
            -0.0,
            1.0,
            0.0,
            0.6906906906906908,
            0.0,
            0.0533333333333333,
            1.0
        ],
        [
            -0.17996948038815977,
            0.9836721944473249,
            0.0,
            0.0,
            -0.9836721944473249,
            -0.17996948038815977,
            0.0,
            0.0,
            0.0,
            -0.0,
            1.0,
            0.0,
            0.7007007007007008,
            0.0,
            0.0533333333333333,
            1.0
        ],
        [
            -0.20452698223278512,
            0.9788609265563469,
            0.0,
            0.0,
            -0.9788609265563469,
            -0.20452698223278512,
            0.0,
            0.0,
            0.0,
            -0.0,
            1.0,
            0.0,
            0.7107107107107108,
            0.0,
            0.0533333333333333,
            1.0
        ],
        [
            -0.2289564053551248,
            0.9734366771633683,
            0.0,
            0.0,
            -0.9734366771633683,
            -0.2289564053551248,
            0.0,
            0.0,
            0.0,
            -0.0,
            1.0,
            0.0,
            0.7207207207207208,
            0.0,
            0.0533333333333333,
            1.0
        ],
        [
            -0.25324245158148295,
            0.9674028430374806,
            0.0,
            0.0,
            -0.9674028430374806,
            -0.25324245158148295,
            0.0,
            0.0,
            0.0,
            -0.0,
            1.0,
            0.0,
            0.7307307307307308,
            0.0,
            0.0533333333333333,
            1.0
        ],
        [
            -0.27736991252352816,
            0.9607632026814361,
            0.0,
            0.0,
            -0.9607632026814361,
            -0.27736991252352816,
            0.0,
            0.0,
            0.0,
            -0.0,
            1.0,
            0.0,
            0.7407407407407408,
            0.0,
            0.0533333333333333,
            1.0
        ],
        [
            -0.3013236791020783,
            0.9535219139654776,
            0.0,
            0.0,
            -0.9535219139654776,
            -0.3013236791020783,
            0.0,
            0.0,
            0.0,
            -0.0,
            1.0,
            0.0,
            0.7507507507507508,
            0.0,
            0.0533333333333333,
            1.0
        ],
        [
            -0.32508875100869566,
            0.9456835115235996,
            0.0,
            0.0,
            -0.9456835115235996,
            -0.32508875100869566,
            0.0,
            0.0,
            0.0,
            -0.0,
            1.0,
            0.0,
            0.7607607607607608,
            0.0,
            0.0533333333333333,
            1.0
        ],
        [
            -0.34865024609916834,
            0.937252903913874,
            0.0,
            0.0,
            -0.937252903913874,
            -0.34865024609916834,
            0.0,
            0.0,
            0.0,
            -0.0,
            1.0,
            0.0,
            0.7707707707707708,
            0.0,
            0.0533333333333333,
            1.0
        ],
        [
            -0.3719934097129943,
            0.9282353705446159,
            0.0,
            0.0,
            -0.9282353705446159,
            -0.3719934097129943,
            0.0,
            0.0,
            0.0,
            -0.0,
            1.0,
            0.0,
            0.7807807807807808,
            0.0,
            0.0533333333333333,
            1.0
        ],
        [
            -0.39510362391303344,
            0.918636558368318,
            0.0,
            0.0,
            -0.918636558368318,
            -0.39510362391303344,
            0.0,
            0.0,
            0.0,
            -0.0,
            1.0,
            0.0,
            0.7907907907907908,
            0.0,
            0.0533333333333333,
            1.0
        ],
        [
            -0.41796641663953993,
            0.9084624783454199,
            0.0,
            0.0,
            -0.9084624783454199,
            -0.41796641663953993,
            0.0,
            0.0,
            0.0,
            -0.0,
            1.0,
            0.0,
            0.8008008008008007,
            0.0,
            0.0533333333333333,
            1.0
        ],
        [
            -0.44056747077284414,
            0.897719501680129,
            0.0,
            0.0,
            -0.897719501680129,
            -0.44056747077284414,
            0.0,
            0.0,
            0.0,
            -0.0,
            1.0,
            0.0,
            0.8108108108108107,
            0.0,
            0.0533333333333333,
            1.0
        ],
        [
            -0.46289263309900774,
            0.8864143558306506,
            0.0,
            0.0,
            -0.8864143558306506,
            -0.46289263309900774,
            0.0,
            0.0,
            0.0,
            -0.0,
            1.0,
            0.0,
            0.8208208208208208,
            0.0,
            0.0533333333333333,
            1.0
        ],
        [
            -0.48492792317283795,
            0.8745541202963246,
            0.0,
            0.0,
            -0.8745541202963246,
            -0.48492792317283795,
            0.0,
            0.0,
            0.0,
            -0.0,
            1.0,
            0.0,
            0.8308308308308308,
            0.0,
            0.0533333333333333,
            1.0
        ],
        [
            -0.5066595420727107,
            0.8621462221843063,
            0.0,
            0.0,
            -0.8621462221843063,
            -0.5066595420727107,
            0.0,
            0.0,
            0.0,
            -0.0,
            1.0,
            0.0,
            0.8408408408408408,
            0.0,
            0.0533333333333333,
            1.0
        ],
        [
            -0.5280738810417199,
            0.8491984315585701,
            0.0,
            0.0,
            -0.8491984315585701,
            -0.5280738810417199,
            0.0,
            0.0,
            0.0,
            -0.0,
            1.0,
            0.0,
            0.8508508508508508,
            0.0,
            0.0533333333333333,
            1.0
        ],
        [
            -0.5491575300097431,
            0.835718856574146,
            0.0,
            0.0,
            -0.835718856574146,
            -0.5491575300097431,
            0.0,
            0.0,
            0.0,
            -0.0,
            1.0,
            0.0,
            0.8608608608608608,
            0.0,
            0.0533333333333333,
            1.0
        ],
        [
            -0.5698972859910837,
            0.8217159383996375,
            0.0,
            0.0,
            -0.8217159383996375,
            -0.5698972859910837,
            0.0,
            0.0,
            0.0,
            -0.0,
            1.0,
            0.0,
            0.8708708708708708,
            0.0,
            0.0533333333333333,
            1.0
        ],
        [
            -0.5902801613524348,
            0.8071984459311994,
            0.0,
            0.0,
            -0.8071984459311994,
            -0.5902801613524348,
            0.0,
            0.0,
            0.0,
            -0.0,
            1.0,
            0.0,
            0.8808808808808808,
            0.0,
            0.0533333333333333,
            1.0
        ],
        [
            -0.6102933919459843,
            0.7921754703012869,
            0.0,
            0.0,
            -0.7921754703012869,
            -0.6102933919459843,
            0.0,
            0.0,
            0.0,
            -0.0,
            1.0,
            0.0,
            0.8908908908908908,
            0.0,
            0.0533333333333333,
            1.0
        ],
        [
            -0.6299244451025693,
            0.776656419185614,
            0.0,
            0.0,
            -0.776656419185614,
            -0.6299244451025693,
            0.0,
            0.0,
            0.0,
            -0.0,
            1.0,
            0.0,
            0.9009009009009008,
            0.0,
            0.0533333333333333,
            1.0
        ],
        [
            -0.6491610274798738,
            0.7606510109118862,
            0.0,
            0.0,
            -0.7606510109118862,
            -0.6491610274798738,
            0.0,
            0.0,
            0.0,
            -0.0,
            1.0,
            0.0,
            0.9109109109109108,
            0.0,
            0.0533333333333333,
            1.0
        ],
        [
            -0.6679910927607561,
            0.7441692683739978,
            0.0,
            0.0,
            -0.7441692683739978,
            -0.6679910927607561,
            0.0,
            0.0,
            0.0,
            -0.0,
            1.0,
            0.0,
            0.9209209209209208,
            0.0,
            0.0533333333333333,
            1.0
        ],
        [
            -0.6864028491968833,
            0.727221512755502,
            0.0,
            0.0,
            -0.727221512755502,
            -0.6864028491968833,
            0.0,
            0.0,
            0.0,
            -0.0,
            1.0,
            0.0,
            0.9309309309309309,
            0.0,
            0.0533333333333333,
            1.0
        ],
        [
            -0.7043847669929514,
            0.7098183570662889,
            0.0,
            0.0,
            -0.7098183570662889,
            -0.7043847669929514,
            0.0,
            0.0,
            0.0,
            -0.0,
            1.0,
            0.0,
            0.9409409409409409,
            0.0,
            0.0533333333333333,
            1.0
        ],
        [
            -0.721925585526863,
            0.6919706994965148,
            0.0,
            0.0,
            -0.6919706994965148,
            -0.721925585526863,
            0.0,
            0.0,
            0.0,
            -0.0,
            1.0,
            0.0,
            0.950950950950951,
            0.0,
            0.0533333333333333,
            1.0
        ],
        [
            -0.7390143204013464,
            0.6736897165919457,
            0.0,
            0.0,
            -0.6736897165919457,
            -0.7390143204013464,
            0.0,
            0.0,
            0.0,
            -0.0,
            1.0,
            0.0,
            0.960960960960961,
            0.0,
            0.0533333333333333,
            1.0
        ],
        [
            -0.7556402703225952,
            0.6549868562549902,
            0.0,
            0.0,
            -0.6549868562549902,
            -0.7556402703225952,
            0.0,
            0.0,
            0.0,
            -0.0,
            1.0,
            0.0,
            0.970970970970971,
            0.0,
            0.0533333333333333,
            1.0
        ],
        [
            -0.7717930238016242,
            0.6358738305758035,
            0.0,
            0.0,
            -0.6358738305758035,
            -0.7717930238016242,
            0.0,
            0.0,
            0.0,
            -0.0,
            1.0,
            0.0,
            0.980980980980981,
            0.0,
            0.0533333333333333,
            1.0
        ],
        [
            -0.7874624656741434,
            0.6163626084979511,
            0.0,
            0.0,
            -0.6163626084979511,
            -0.7874624656741434,
            0.0,
            0.0,
            0.0,
            -0.0,
            1.0,
            0.0,
            0.990990990990991,
            0.0,
            0.0533333333333333,
            1.0
        ],
        [
            -0.8026387834348685,
            0.5964654083232273,
            0.0,
            0.0,
            -0.5964654083232273,
            -0.8026387834348685,
            0.0,
            0.0,
            0.0,
            -0.0,
            1.0,
            0.0,
            1.001001001001001,
            0.0,
            0.0533333333333333,
            1.0
        ],
        [
            -0.8173124733822998,
            0.5761946900603194,
            0.0,
            0.0,
            -0.5761946900603194,
            -0.8173124733822998,
            0.0,
            0.0,
            0.0,
            -0.0,
            1.0,
            0.0,
            1.011011011011011,
            0.0,
            0.0533333333333333,
            1.0
        ],
        [
            -0.8314743465701222,
            0.5555631476221117,
            0.0,
            0.0,
            -0.5555631476221117,
            -0.8314743465701222,
            0.0,
            0.0,
            0.0,
            -0.0,
            1.0,
            0.0,
            1.021021021021021,
            0.0,
            0.0533333333333333,
            1.0
        ],
        [
            -0.8451155345615006,
            0.534583700876513,
            0.0,
            0.0,
            -0.534583700876513,
            -0.8451155345615006,
            0.0,
            0.0,
            0.0,
            -0.0,
            1.0,
            0.0,
            1.031031031031031,
            0.0,
            0.0533333333333333,
