{
    "5108491544": [
        [
            1.0,
            0.0,
            0.0,
            0.0,
            -0.0,
            1.0,
            0.0,
            0.0,
            0.0,
            -0.0,
            1.0,
            0.0,
            0.0,
            0.0,
            0.0533333333333333,
            1.0
        ],
        [
            0.9999499002681359,
            0.010009842843179186,
            0.0,
            0.0,
            -0.010009842843179186,
            0.9999499002681359,
            0.0,
            0.0,
            0.0,
            -0.0,
            1.0,
            0.0,
            0.005005005005005006,
            0.0,
            0.0533333333333333,
            1.0
        ],
        [
            0.9997996060925097,
            0.020018682705473485,
            0.0,
            0.0,
            -0.020018682705473485,
            0.9997996060925097,
            0.0,
            0.0,
            0.0,
            -0.0,
            1.0,
            0.0,
            0.010010010010010013,
            0.0,
            0.0533333333333333,
            1.0
        ],
        [
            0.9995491325325173,
            0.030025516706496145,
            0.0,
            0.0,
            -0.030025516706496145,
            0.9995491325325173,
            0.0,
            0.0,
            0.0,
            -0.0,
            1.0,
            0.0,
            0.015015015015015018,
            0.0,
            0.0533333333333333,
            1.0
        ],
        [
            0.9991985046854751,
            0.04002934216684667,
            0.0,
            0.0,
            -0.04002934216684667,
            0.9991985046854751,
            0.0,
            0.0,
            0.0,
            -0.0,
            1.0,
            0.0,
            0.020020020020020034,
            0.0,
            0.0533333333333333,
            1.0
        ],
        [
            0.9987477576841054,
            0.05002915670857865,
            0.0,
            0.0,
            -0.05002915670857865,
            0.9987477576841054,
            0.0,
            0.0,
            0.0,
            -0.0,
            1.0,
            0.0,
            0.025025025025025037,
            0.0,
            0.0533333333333333,
            1.0
        ],
        [
            0.9981969366930158,
            0.06002395835563766,
            0.0,
            0.0,
            -0.06002395835563766,
            0.9981969366930158,
            0.0,
            0.0,
            0.0,
            -0.0,
            1.0,
            0.0,
            0.03003003003003004,
            0.0,
            0.0533333333333333,
            1.0
        ],
        [
            0.9975460969041744,
            0.0700127456342586,
            0.0,
            0.0,
            -0.0700127456342586,
            0.9975460969041744,
            0.0,
            0.0,
            0.0,
            -0.0,
            1.0,
            0.0,
            0.03503503503503505,
            0.0,
            0.0533333333333333,
            1.0
        ],
        [
            0.996795303531379,
            0.07999451767331282,
            0.0,
            0.0,
            -0.07999451767331282,
            0.996795303531379,
            0.0,
            0.0,
            0.0,
            -0.0,
            1.0,
            0.0,
            0.040040040040040054,
            0.0,
            0.0533333333333333,
            1.0
        ],
        [
            0.9959446318037228,
            0.08996827430459499,
            0.0,
            0.0,
            -0.08996827430459499,
            0.9959446318037228,
            0.0,
            0.0,
            0.0,
            -0.0,
            1.0,
            0.0,
            0.04504504504504506,
            0.0,
            0.0533333333333333,
            1.0
        ],
        [
            0.994994166958057,
            0.09993301616303928,
            0.0,
            0.0,
            -0.09993301616303928,
            0.994994166958057,
            0.0,
            0.0,
            0.0,
            -0.0,
            1.0,
            0.0,
            0.05005005005005006,
            0.0,
            0.0533333333333333,
            1.0
        ],
        [
            0.993944004230449,
            0.10988774478685528,
            0.0,
            0.0,
            -0.10988774478685528,
            0.993944004230449,
            0.0,
            0.0,
            0.0,
            -0.0,
            1.0,
            0.0,
            0.05505505505505507,
            0.0,
            0.0533333333333333,
            1.0
        ],
        [
            0.9927942488466414,
            0.11983146271757332,
            0.0,
            0.0,
            -0.11983146271757332,
            0.9927942488466414,
            0.0,
            0.0,
            0.0,
            -0.0,
            1.0,
            0.0,
            0.06006006006006007,
            0.0,
            0.0533333333333333,
            1.0
        ],
        [
            0.9915450160115067,
            0.12976317359998926,
            0.0,
            0.0,
            -0.12976317359998926,
            0.9915450160115067,
            0.0,
            0.0,
            0.0,
            -0.0,
            1.0,
            0.0,
            0.06506506506506507,
            0.0,
            0.0533333333333333,
            1.0
        ],
        [
            0.9901964308975052,
            0.13968188228199888,
            0.0,
            0.0,
            -0.13968188228199888,
            0.9901964308975052,
            0.0,
            0.0,
            0.0,
            -0.0,
            1.0,
            0.0,
            0.07007007007007009,
            0.0,
            0.0533333333333333,
            1.0
        ],
        [
            0.9887486286321422,
            0.14958659491431123,
            0.0,
            0.0,
            -0.14958659491431123,
            0.9887486286321422,
            0.0,
            0.0,
            0.0,
            -0.0,
            1.0,
            0.0,
            0.07507507507507509,
            0.0,
            0.0533333333333333,
            1.0
        ],
        [
            0.9872017542844281,
            0.1594763190500322,
            0.0,
            0.0,
            -0.1594763190500322,
            0.9872017542844281,
            0.0,
            0.0,
            0.0,
            -0.0,
            1.0,
            0.0,
            0.08008008008008008,
            0.0,
            0.0533333333333333,
            1.0
        ],
        [
            0.9855559628503431,
            0.16935006374410702,
            0.0,
            0.0,
            -0.16935006374410702,
            0.9855559628503431,
            0.0,
            0.0,
            0.0,
            -0.0,
            1.0,
            0.0,
            0.08508508508508508,
            0.0,
            0.0533333333333333,
            1.0
        ],
        [
            0.9838114192373063,
            0.17920683965261233,
            0.0,
            0.0,
            -0.17920683965261233,
            0.9838114192373063,
            0.0,
            0.0,
            0.0,
            -0.0,
            1.0,
            0.0,
            0.09009009009009009,
            0.0,
            0.0533333333333333,
            1.0
        ],
        [
            0.9819682982476522,
            0.18904565913188806,
            0.0,
            0.0,
            -0.18904565913188806,
            0.9819682982476522,
            0.0,
            0.0,
            0.0,
            -0.0,
            1.0,
            0.0,
            0.0950950950950951,
            0.0,
            0.0533333333333333,
            1.0
        ],
        [
            0.9800267845611155,
            0.19886553633749857,
            0.0,
            0.0,
            -0.19886553633749857,
            0.9800267845611155,
            0.0,
            0.0,
            0.0,
            -0.0,
            1.0,
            0.0,
            0.1001001001001001,
            0.0,
            0.0533333333333333,
            1.0
        ],
        [
            0.9779870727163263,
            0.20866548732301404,
            0.0,
            0.0,
            -0.20866548732301404,
            0.9779870727163263,
            0.0,
            0.0,
            0.0,
            -0.0,
            1.0,
            0.0,
            0.10510510510510511,
            0.0,
            0.0533333333333333,
            1.0
        ],
        [
            0.975849367091318,
            0.21844453013860113,
            0.0,
            0.0,
            -0.21844453013860113,
            0.975849367091318,
            0.0,
            0.0,
            0.0,
            -0.0,
            1.0,
            0.0,
            0.11011011011011011,
            0.0,
            0.0533333333333333,
            1.0
        ],
        [
            0.9736138818830473,
            0.22820168492941395,
            0.0,
            0.0,
            -0.22820168492941395,
            0.9736138818830473,
            0.0,
            0.0,
            0.0,
            -0.0,
            1.0,
            0.0,
            0.11511511511511512,
            0.0,
            0.0533333333333333,
            1.0
        ],
        [
            0.9712808410859337,
            0.23793597403377498,
            0.0,
            0.0,
            -0.23793597403377498,
            0.9712808410859337,
            0.0,
            0.0,
            0.0,
            -0.0,
            1.0,
            0.0,
            0.12012012012012012,
            0.0,
            0.0533333333333333,
            1.0
        ],
        [
            0.9688504784694136,
            0.24764642208113616,
            0.0,
            0.0,
            -0.24764642208113616,
            0.9688504784694136,
            0.0,
            0.0,
            0.0,
            -0.0,
            1.0,
            0.0,
            0.12512512512512514,
            0.0,
            0.0533333333333333,
            1.0
        ],
        [
            0.9663230375545181,
            0.2573320560898106,
            0.0,
            0.0,
            -0.2573320560898106,
            0.9663230375545181,
            0.0,
            0.0,
            0.0,
            -0.0,
            1.0,
            0.0,
            0.13013013013013014,
            0.0,
            0.0533333333333333,
            1.0
        ],
        [
            0.9636987715894713,
            0.26699190556446467,
            0.0,
            0.0,
            -0.26699190556446467,
            0.9636987715894713,
            0.0,
            0.0,
            0.0,
            -0.0,
            1.0,
            0.0,
            0.13513513513513514,
            0.0,
            0.0533333333333333,
            1.0
        ],
        [
            0.9609779435243156,
            0.2766250025933614,
            0.0,
            0.0,
            -0.2766250025933614,
            0.9609779435243156,
            0.0,
            0.0,
            0.0,
            -0.0,
            1.0,
            0.0,
            0.14014014014014015,
            0.0,
            0.0533333333333333,
            1.0
        ],
        [
            0.9581608259845641,
            0.28623038194534456,
            0.0,
            0.0,
            -0.28623038194534456,
            0.9581608259845641,
            0.0,
            0.0,
            0.0,
            -0.0,
            1.0,
            0.0,
            0.14514514514514518,
            0.0,
            0.0533333333333333,
            1.0
        ],
        [
            0.9552477012438835,
            0.29580708116655396,
            0.0,
            0.0,
            -0.29580708116655396,
            0.9552477012438835,
            0.0,
            0.0,
            0.0,
            -0.0,
            1.0,
            0.0,
            0.15015015015015018,
            0.0,
            0.0533333333333333,
            1.0
        ],
        [
            0.9522388611958106,
            0.30535414067686345,
            0.0,
            0.0,
            -0.30535414067686345,
            0.9522388611958106,
            0.0,
            0.0,
            0.0,
            -0.0,
            1.0,
            0.0,
            0.15515515515515518,
            0.0,
            0.0533333333333333,
            1.0
        ],
        [
            0.9491346073245046,
            0.31487060386602994,
            0.0,
            0.0,
            -0.31487060386602994,
            0.9491346073245046,
            0.0,
            0.0,
            0.0,
            -0.0,
            1.0,
            0.0,
            0.1601601601601602,
            0.0,
            0.0533333333333333,
            1.0
        ],
        [
            0.9459352506745389,
            0.32435551718954525,
            0.0,
            0.0,
            -0.32435551718954525,
            0.9459352506745389,
            0.0,
            0.0,
            0.0,
            -0.0,
            1.0,
            0.0,
            0.1651651651651652,
            0.0,
            0.0533333333333333,
            1.0
        ],
        [
            0.9426411118197338,
            0.3338079302641808,
            0.0,
            0.0,
            -0.3338079302641808,
            0.9426411118197338,
            0.0,
            0.0,
            0.0,
            -0.0,
            1.0,
            0.0,
            0.1701701701701702,
            0.0,
            0.0533333333333333,
            1.0
        ],
        [
            0.939252520831036,
            0.3432268959632157,
            0.0,
            0.0,
            -0.3432268959632157,
            0.939252520831036,
            0.0,
            0.0,
            0.0,
            -0.0,
            1.0,
            0.0,
            0.1751751751751752,
            0.0,
            0.0533333333333333,
            1.0
        ],
        [
            0.9357698172434458,
            0.3526114705113379,
            0.0,
            0.0,
            -0.3526114705113379,
            0.9357698172434458,
            0.0,
            0.0,
            0.0,
            -0.0,
            1.0,
            0.0,
            0.1801801801801802,
            0.0,
            0.0533333333333333,
            1.0
        ],
        [
            0.9321933500219945,
            0.36196071357921045,
            0.0,
            0.0,
            -0.36196071357921045,
            0.9321933500219945,
            0.0,
            0.0,
            0.0,
            -0.0,
            1.0,
            0.0,
            0.1851851851851852,
            0.0,
            0.0533333333333333,
            1.0
        ],
        [
            0.92852347752678,
            0.37127368837769176,
            0.0,
            0.0,
            -0.37127368837769176,
            0.92852347752678,
            0.0,
            0.0,
            0.0,
            -0.0,
            1.0,
            0.0,
            0.19019019019019023,
            0.0,
            0.0533333333333333,
            1.0
        ],
        [
            0.9247605674770581,
            0.3805494617517011,
            0.0,
            0.0,
            -0.3805494617517011,
            0.9247605674770581,
            0.0,
            0.0,
            0.0,
            -0.0,
            1.0,
            0.0,
            0.19519519519519524,
            0.0,
            0.0533333333333333,
            1.0
        ],
        [
            0.9209049969143981,
            0.3897871042737208,
            0.0,
            0.0,
            -0.3897871042737208,
            0.9209049969143981,
            0.0,
            0.0,
            0.0,
            -0.0,
            1.0,
            0.0,
            0.20020020020020024,
            0.0,
            0.0533333333333333,
            1.0
        ],
        [
            0.9169571521649025,
            0.39898569033692394,
            0.0,
            0.0,
            -0.39898569033692394,
            0.9169571521649025,
            0.0,
            0.0,
            0.0,
            -0.0,
            1.0,
            0.0,
            0.20520520520520513,
            0.0,
            0.0533333333333333,
            1.0
        ],
        [
            0.9129174288004982,
            0.40814429824792026,
            0.0,
            0.0,
            -0.40814429824792026,
            0.9129174288004982,
            0.0,
            0.0,
            0.0,
            -0.0,
            1.0,
            0.0,
            0.21021021021021014,
            0.0,
            0.0533333333333333,
            1.0
        ],
        [
            0.9087862315992998,
            0.41726201031910837,
            0.0,
            0.0,
            -0.41726201031910837,
            0.9087862315992998,
            0.0,
            0.0,
            0.0,
            -0.0,
            1.0,
            0.0,
            0.21521521521521514,
            0.0,
            0.0533333333333333,
            1.0
        ],
        [
            0.9045639745050517,
            0.42633791296062834,
            0.0,
            0.0,
            -0.42633791296062834,
            0.9045639745050517,
            0.0,
            0.0,
            0.0,
            -0.0,
            1.0,
            0.0,
            0.22022022022022014,
            0.0,
            0.0533333333333333,
            1.0
        ],
        [
            0.9002510805856502,
            0.4353710967719024,
            0.0,
            0.0,
            -0.4353710967719024,
            0.9002510805856502,
            0.0,
            0.0,
            0.0,
            -0.0,
            1.0,
            0.0,
            0.22522522522522503,
            0.0,
            0.0533333333333333,
            1.0
        ],
        [
            0.8958479819907531,
            0.4443606566327573,
            0.0,
            0.0,
            -0.4443606566327573,
            0.8958479819907531,
            0.0,
            0.0,
            0.0,
            -0.0,
            1.0,
            0.0,
            0.23023023023023004,
            0.0,
            0.0533333333333333,
            1.0
        ],
        [
            0.8913551199084786,
            0.4533056917941157,
            0.0,
            0.0,
            -0.4533056917941157,
            0.8913551199084786,
            0.0,
            0.0,
            0.0,
            -0.0,
            1.0,
            0.0,
            0.23523523523523504,
            0.0,
            0.0533333333333333,
            1.0
        ],
        [
            0.8867729445211976,
            0.46220530596825155,
            0.0,
            0.0,
            -0.46220530596825155,
            0.8867729445211976,
            0.0,
            0.0,
            0.0,
            -0.0,
            1.0,
            0.0,
            0.24024024024024015,
            0.0,
            0.0533333333333333,
            1.0
        ],
        [
            0.882101914960427,
            0.4710586074185968,
            0.0,
            0.0,
            -0.4710586074185968,
            0.882101914960427,
            0.0,
            0.0,
            0.0,
            -0.0,
            1.0,
            0.0,
            0.24524524524524516,
            0.0,
            0.0533333333333333,
            1.0
        ],
        [
            0.8773424992608236,
            0.47986470904909406,
            0.0,
            0.0,
            -0.47986470904909406,
            0.8773424992608236,
            0.0,
            0.0,
            0.0,
            -0.0,
            1.0,
            0.0,
            0.25025025025025016,
            0.0,
            0.0533333333333333,
            1.0
        ],
        [
            0.8724951743132883,
            0.4886227284930825,
            0.0,
            0.0,
            -0.4886227284930825,
            0.8724951743132883,
            0.0,
            0.0,
            0.0,
            -0.0,
            1.0,
            0.0,
            0.25525525525525516,
            0.0,
            0.0533333333333333,
            1.0
        ],
        [
            0.8675604258171813,
            0.49733178820171053,
            0.0,
            0.0,
            -0.49733178820171053,
            0.8675604258171813,
            0.0,
            0.0,
            0.0,
            -0.0,
            1.0,
            0.0,
            0.26026026026026017,
            0.0,
            0.0533333333333333,
            1.0
        ],
        [
            0.8625387482316555,
            0.5059910155318658,
            0.0,
            0.0,
            -0.5059910155318658,
            0.8625387482316555,
            0.0,
            0.0,
            0.0,
            -0.0,
            1.0,
            0.0,
            0.26526526526526517,
            0.0,
            0.0533333333333333,
            1.0
        ],
        [
            0.857430644726112,
            0.5145995428336135,
            0.0,
            0.0,
            -0.5145995428336135,
            0.857430644726112,
            0.0,
            0.0,
            0.0,
            -0.0,
            1.0,
            0.0,
            0.2702702702702703,
            0.0,
            0.0533333333333333,
            1.0
        ],
        [
            0.8522366271297828,
            0.5231565075371343,
            0.0,
            0.0,
            -0.5231565075371343,
            0.8522366271297828,
            0.0,
            0.0,
            0.0,
            -0.0,
            1.0,
            0.0,
            0.2752752752752753,
            0.0,
            0.0533333333333333,
            1.0
        ],
        [
            0.8469572158804456,
            0.5316610522391539,
            0.0,
            0.0,
            -0.5316610522391539,
            0.8469572158804456,
            0.0,
            0.0,
            0.0,
            -0.0,
            1.0,
            0.0,
            0.2802802802802803,
            0.0,
            0.0533333333333333,
            1.0
        ],
        [
            0.8415929399722765,
            0.5401123247888537,
            0.0,
            0.0,
            -0.5401123247888537,
            0.8415929399722765,
            0.0,
            0.0,
            0.0,
            -0.0,
            1.0,
            0.0,
            0.2852852852852852,
            0.0,
            0.0533333333333333,
            1.0
        ],
        [
            0.8361443369028445,
            0.5485094783732569,
            0.0,
            0.0,
            -0.5485094783732569,
            0.8361443369028445,
            0.0,
            0.0,
            0.0,
            -0.0,
            1.0,
            0.0,
            0.2902902902902902,
            0.0,
            0.0533333333333333,
            1.0
        ],
        [
            0.8306119526192555,
            0.5568516716020773,
            0.0,
            0.0,
            -0.5568516716020773,
            0.8306119526192555,
            0.0,
            0.0,
            0.0,
            -0.0,
            1.0,
            0.0,
            0.2952952952952952,
            0.0,
            0.0533333333333333,
            1.0
        ],
        [
            0.8249963414634477,
            0.5651380685920269,
            0.0,
            0.0,
            -0.5651380685920269,
            0.8249963414634477,
            0.0,
            0.0,
            0.0,
            -0.0,
            1.0,
            0.0,
            0.3003003003003002,
            0.0,
            0.0533333333333333,
            1.0
        ],
        [
            0.8192980661166475,
            0.5733678390505711,
            0.0,
            0.0,
            -0.5733678390505711,
            0.8192980661166475,
            0.0,
            0.0,
            0.0,
            -0.0,
            1.0,
            0.0,
            0.3053053053053052,
            0.0,
            0.0533333333333333,
            1.0
        ],
        [
            0.8135176975429886,
            0.5815401583591235,
            0.0,
            0.0,
            -0.5815401583591235,
            0.8135176975429886,
            0.0,
            0.0,
            0.0,
            -0.0,
            1.0,
            0.0,
            0.3103103103103103,
            0.0,
            0.0533333333333333,
            1.0
        ],
        [
            0.8076558149323027,
            0.5896542076556718,
            0.0,
            0.0,
            -0.5896542076556718,
            0.8076558149323027,
            0.0,
            0.0,
            0.0,
            -0.0,
            1.0,
            0.0,
            0.31531531531531526,
            0.0,
            0.0533333333333333,
            1.0
        ],
        [
            0.8017130056420835,
            0.5977091739168278,
            0.0,
            0.0,
            -0.5977091739168278,
            0.8017130056420835,
            0.0,
            0.0,
            0.0,
            -0.0,
            1.0,
            0.0,
            0.32032032032032026,
            0.0,
            0.0533333333333333,
            1.0
        ],
        [
            0.7956898651386348,
            0.6057042500392918,
            0.0,
            0.0,
            -0.6057042500392918,
            0.7956898651386348,
            0.0,
            0.0,
            0.0,
            -0.0,
            1.0,
            0.0,
            0.32532532532532527,
            0.0,
            0.0533333333333333,
            1.0
        ],
        [
            0.7895869969374054,
            0.6136386349207241,
            0.0,
            0.0,
            -0.6136386349207241,
            0.7895869969374054,
            0.0,
            0.0,
            0.0,
            -0.0,
            1.0,
            0.0,
            0.33033033033033027,
            0.0,
            0.0533333333333333,
            1.0
        ],
        [
            0.7834050125425159,
            0.6215115335400143,
            0.0,
            0.0,
            -0.6215115335400143,
            0.7834050125425159,
            0.0,
            0.0,
            0.0,
            -0.0,
            1.0,
            0.0,
            0.33533533533533527,
            0.0,
            0.0533333333333333,
            1.0
        ],
        [
            0.7771445313854878,
            0.6293221570369429,
            0.0,
            0.0,
            -0.6293221570369429,
            0.7771445313854878,
            0.0,
            0.0,
            0.0,
            -0.0,
            1.0,
            0.0,
            0.3403403403403403,
            0.0,
            0.0533333333333333,
            1.0
        ],
        [
            0.7708061807631754,
            0.637069722791224,
            0.0,
            0.0,
            -0.637069722791224,
            0.7708061807631754,
            0.0,
            0.0,
            0.0,
            -0.0,
            1.0,
            0.0,
            0.3453453453453452,
            0.0,
            0.0533333333333333,
            1.0
        ],
        [
            0.764390595774912,
            0.6447534545009239,
            0.0,
            0.0,
            -0.6447534545009239,
            0.764390595774912,
            0.0,
            0.0,
            0.0,
            -0.0,
            1.0,
            0.0,
            0.3503503503503502,
            0.0,
            0.0533333333333333,
            1.0
        ],
        [
            0.757898419258873,
            0.6523725822602461,
            0.0,
            0.0,
            -0.6523725822602461,
            0.757898419258873,
            0.0,
            0.0,
            0.0,
            -0.0,
            1.0,
            0.0,
            0.3553553553553553,
            0.0,
            0.0533333333333333,
            1.0
        ],
        [
            0.7513303017276639,
            0.6599263426366745,
            0.0,
            0.0,
            -0.6599263426366745,
            0.7513303017276639,
            0.0,
            0.0,
            0.0,
            -0.0,
            1.0,
            0.0,
            0.3603603603603603,
            0.0,
            0.0533333333333333,
            1.0
        ],
        [
            0.7446869013031387,
            0.6674139787474707,
            0.0,
            0.0,
            -0.6674139787474707,
            0.7446869013031387,
            0.0,
            0.0,
            0.0,
            -0.0,
            1.0,
            0.0,
            0.3653653653653653,
            0.0,
            0.0533333333333333,
            1.0
        ],
        [
            0.7379688836504577,
            0.6748347403355115,
            0.0,
            0.0,
            -0.6748347403355115,
            0.7379688836504577,
            0.0,
            0.0,
            0.0,
            -0.0,
            1.0,
            0.0,
            0.3703703703703703,
            0.0,
            0.0533333333333333,
            1.0
        ],
        [
            0.7311769219113866,
            0.6821878838444656,
            0.0,
            0.0,
            -0.6821878838444656,
            0.7311769219113866,
            0.0,
            0.0,
            0.0,
            -0.0,
            1.0,
            0.0,
            0.3753753753753753,
            0.0,
            0.0533333333333333,
            1.0
        ],
        [
            0.7243116966368495,
            0.6894726724932965,
            0.0,
            0.0,
            -0.6894726724932965,
            0.7243116966368495,
            0.0,
            0.0,
            0.0,
            -0.0,
            1.0,
            0.0,
            0.3803803803803803,
            0.0,
            0.0533333333333333,
            1.0
        ],
        [
            0.7173738957187372,
            0.6966883763500883,
            0.0,
            0.0,
            -0.6966883763500883,
            0.7173738957187372,
            0.0,
            0.0,
            0.0,
            -0.0,
            1.0,
            0.0,
            0.3853853853853853,
            0.0,
            0.0533333333333333,
            1.0
        ],
        [
            0.7103642143209815,
            0.7038342724051839,
            0.0,
            0.0,
            -0.7038342724051839,
            0.7103642143209815,
            0.0,
            0.0,
            0.0,
            -0.0,
            1.0,
            0.0,
            0.39039039039039025,
            0.0,
            0.0533333333333333,
            1.0
        ],
        [
            0.7032833548098989,
            0.7109096446436312,
            0.0,
            0.0,
            -0.7109096446436312,
            0.7032833548098989,
            0.0,
            0.0,
            0.0,
            -0.0,
            1.0,
            0.0,
            0.39539539539539525,
            0.0,
            0.0533333333333333,
            1.0
        ],
        [
            0.6961320266838152,
            0.7179137841169259,
            0.0,
            0.0,
            -0.7179137841169259,
            0.6961320266838152,
            0.0,
            0.0,
            0.0,
            -0.0,
            1.0,
            0.0,
            0.4004004004004003,
            0.0,
            0.0533333333333333,
            1.0
        ],
        [
            0.6889109465019738,
            0.7248459890140488,
            0.0,
            0.0,
            -0.7248459890140488,
            0.6889109465019738,
            0.0,
            0.0,
            0.0,
            -0.0,
            1.0,
            0.0,
            0.4054054054054053,
            0.0,
            0.0533333333333333,
            1.0
        ],
        [
            0.6816208378127364,
            0.7317055647317869,
            0.0,
            0.0,
            -0.7317055647317869,
            0.6816208378127364,
            0.0,
            0.0,
            0.0,
            -0.0,
            1.0,
            0.0,
            0.4104104104104103,
            0.0,
            0.0533333333333333,
            1.0
        ],
        [
            0.6742624310810841,
            0.7384918239443321,
            0.0,
            0.0,
            -0.7384918239443321,
            0.6742624310810841,
            0.0,
            0.0,
            0.0,
            -0.0,
            1.0,
            0.0,
            0.4154154154154153,
            0.0,
            0.0533333333333333,
            1.0
        ],
        [
            0.6668364636154254,
            0.7452040866721501,
            0.0,
            0.0,
            -0.7452040866721501,
            0.6668364636154254,
            0.0,
            0.0,
            0.0,
            -0.0,
            1.0,
            0.0,
            0.4204204204204203,
            0.0,
            0.0533333333333333,
            1.0
        ],
        [
            0.659343679493718,
            0.7518416803501156,
            0.0,
            0.0,
            -0.7518416803501156,
            0.659343679493718,
            0.0,
            0.0,
            0.0,
            -0.0,
            1.0,
            0.0,
            0.42542542542542533,
            0.0,
            0.0533333333333333,
            1.0
        ],
        [
            0.6517848294889126,
            0.7584039398949014,
            0.0,
            0.0,
            -0.7584039398949014,
            0.6517848294889126,
            0.0,
            0.0,
            0.0,
            -0.0,
            1.0,
            0.0,
            0.43043043043043033,
            0.0,
            0.0533333333333333,
            1.0
        ],
        [
            0.6441606709937262,
            0.7648902077716202,
            0.0,
            0.0,
            -0.7648902077716202,
            0.6441606709937262,
            0.0,
            0.0,
            0.0,
            -0.0,
            1.0,
            0.0,
            0.4354354354354353,
            0.0,
            0.0533333333333333,
            1.0
        ],
        [
            0.6364719679447512,
            0.7712998340597096,
            0.0,
            0.0,
            -0.7712998340597096,
            0.6364719679447512,
            0.0,
            0.0,
            0.0,
            -0.0,
            1.0,
            0.0,
            0.4404404404404404,
            0.0,
            0.0533333333333333,
            1.0
        ],
        [
            0.6287194907459104,
            0.7776321765180522,
            0.0,
            0.0,
            -0.7776321765180522,
            0.6287194907459104,
            0.0,
            0.0,
            0.0,
            -0.0,
            1.0,
            0.0,
            0.44544544544544534,
            0.0,
            0.0533333333333333,
            1.0
        ],
        [
            0.6209040161912612,
            0.7838866006493299,
            0.0,
            0.0,
            -0.7838866006493299,
            0.6209040161912612,
            0.0,
            0.0,
            0.0,
            -0.0,
            1.0,
            0.0,
            0.45045045045045035,
            0.0,
            0.0533333333333333,
            1.0
        ],
        [
            0.6130263273871629,
            0.7900624797635988,
            0.0,
            0.0,
            -0.7900624797635988,
            0.6130263273871629,
            0.0,
            0.0,
            0.0,
            -0.0,
            1.0,
            0.0,
            0.45545545545545535,
            0.0,
            0.0533333333333333,
            1.0
        ],
        [
            0.6050872136738091,
            0.7961591950410836,
            0.0,
            0.0,
            -0.7961591950410836,
            0.6050872136738091,
            0.0,
            0.0,
            0.0,
            -0.0,
            1.0,
            0.0,
            0.46046046046046035,
            0.0,
            0.0533333333333333,
            1.0
        ],
        [
            0.5970874705461363,
            0.8021761355941828,
            0.0,
            0.0,
            -0.8021761355941828,
            0.5970874705461363,
            0.0,
            0.0,
            0.0,
            -0.0,
            1.0,
            0.0,
            0.46546546546546536,
            0.0,
            0.0533333333333333,
            1.0
        ],
        [
            0.5890278995741159,
            0.80811269852868,
            0.0,
            0.0,
            -0.80811269852868,
            0.5890278995741159,
            0.0,
            0.0,
            0.0,
            -0.0,
            1.0,
            0.0,
            0.47047047047047036,
            0.0,
            0.0533333333333333,
            1.0
        ],
        [
            0.5809093083224373,
            0.8139682890041524,
            0.0,
            0.0,
            -0.8139682890041524,
            0.5809093083224373,
            0.0,
            0.0,
            0.0,
            -0.0,
            1.0,
            0.0,
            0.47547547547547536,
            0.0,
            0.0533333333333333,
            1.0
        ],
        [
            0.57273251026959,
            0.819742320293575,
            0.0,
            0.0,
            -0.819742320293575,
            0.57273251026959,
            0.0,
            0.0,
            0.0,
            -0.0,
            1.0,
            0.0,
            0.4804804804804803,
            0.0,
            0.0533333333333333,
            1.0
        ],
        [
            0.5644983247263538,
            0.8254342138421087,
            0.0,
            0.0,
            -0.8254342138421087,
            0.5644983247263538,
            0.0,
            0.0,
            0.0,
            -0.0,
            1.0,
            0.0,
            0.4854854854854854,
            0.0,
            0.0533333333333333,
            1.0
        ],
        [
            0.5562075767537046,
            0.8310433993250724,
            0.0,
            0.0,
            -0.8310433993250724,
            0.5562075767537046,
            0.0,
            0.0,
            0.0,
            -0.0,
            1.0,
            0.0,
            0.49049049049049037,
            0.0,
            0.0533333333333333,
            1.0
        ],
        [
            0.5478610970801431,
            0.8365693147050889,
            0.0,
            0.0,
            -0.8365693147050889,
            0.5478610970801431,
            0.0,
            0.0,
            0.0,
            -0.0,
            1.0,
            0.0,
            0.4954954954954954,
            0.0,
            0.0533333333333333,
            1.0
        ],
        [
            0.5394597220184566,
            0.8420114062884003,
            0.0,
            0.0,
            -0.8420114062884003,
            0.5394597220184566,
            0.0,
            0.0,
            0.0,
            -0.0,
            1.0,
            0.0,
            0.5005005005005003,
            0.0,
            0.0533333333333333,
            1.0
        ],
        [
            0.5310042933819208,
            0.8473691287803486,
            0.0,
            0.0,
            -0.8473691287803486,
            0.5310042933819208,
            0.0,
            0.0,
            0.0,
            -0.0,
            1.0,
            0.0,
            0.5055055055055053,
            0.0,
            0.0533333333333333,
            1.0
        ],
        [
            0.5224956583999507,
            0.8526419453400131,
            0.0,
            0.0,
            -0.8526419453400131,
            0.5224956583999507,
            0.0,
            0.0,
            0.0,
            -0.0,
            1.0,
            0.0,
            0.5105105105105103,
            0.0,
            0.0533333333333333,
            1.0
        ],
        [
            0.5139346696332086,
            0.8578293276340024,
            0.0,
            0.0,
            -0.8578293276340024,
            0.5139346696332086,
            0.0,
            0.0,
            0.0,
            -0.0,
            1.0,
            0.0,
            0.5155155155155153,
            0.0,
            0.0533333333333333,
            1.0
        ],
