{
    "source": "PyDy",
    "name": "unnamed",
    "newtonian_frame": "N",
    "workspaceSize": 0.2,
    "objects": {
        "5026722256": {
            "name": "Body_m",
            "color": "black",
            "material": "default",
            "type": "Cube",
            "length": 0.32,
            "reference_frame_name": "B",
            "simulation_id": 5026722256,
            "init_orientation": [
                0.9999999999999999,
                0.0,
                0.0,
                0.0,
                0.0,
                0.8775825618903726,
                0.479425538604203,
                0.0,
                0.0,
                -0.479425538604203,
                0.8775825618903726,
                0.0,
                0.0,
                -0.025569362058890908,
                0.04680440330081984,
                1.0
            ]
        },
        "5026724272": {
            "name": "Body_l",
            "color": "green",
            "material": "default",
            "type": "Cube",
            "length": 0.32,
            "reference_frame_name": "B",
            "simulation_id": 5026724272,
            "init_orientation": [
                0.9999999999999999,
                0.0,
                0.0,
                0.0,
                0.0,
                0.8775825618903726,
                0.479425538604203,
                0.0,
                0.0,
                -0.479425538604203,
                0.8775825618903726,
                0.0,
                0.0,
                -0.1053099074268447,
                -0.057531064632504354,
                1.0
            ]
        },
        "5026723096": {
            "name": "Body_r",
            "color": "green",
            "material": "default",
            "type": "Cube",
            "length": 0.32,
            "reference_frame_name": "B",
            "simulation_id": 5026723096,
            "init_orientation": [
                0.9999999999999999,
                0.0,
                0.0,
                0.0,
                0.0,
                0.8775825618903726,
                0.479425538604203,
                0.0,
                0.0,
                -0.479425538604203,
                0.8775825618903726,
                0.0,
                0.0,
                0.1053099074268447,
                0.057531064632504354,
                1.0
            ]
        }
    },
    "cameras": {
        "5029349416": {
            "name": "DefaultCamera",
            "color": "grey",
            "material": "default",
            "type": "PerspectiveCamera",
            "reference_frame_name": "N",
            "simulation_id": 5029349416,
            "init_orientation": [
                1.0,
                0.0,
                0.0,
                0.0,
                0.0,
                1.0,
                0.0,
                0.0,
                0.0,
                0.0,
                1.0,
                0.0,
                0.0,
                0.0,
                10.0,
                1.0
            ],
            "fov": 45.0,
            "near": 1.0,
            "far": 1000.0
        }
    },
    "lights": {
        "5029349080": {
            "name": "DefaultLight",
            "type": "PointLight",
            "color": "white",
            "simulation_id": 5029349080,
            "init_orientation": [
                1.0,
                0.0,
                0.0,
                0.0,
                0.0,
                1.0,
                0.0,
                0.0,
                0.0,
                0.0,
                1.0,
                0.0,
                0.0,
                0.0,
                10.0,
                1.0
            ]
        }
    },
    "simulationData": "2020-05-19_11-36-59_simulation_data.json",
    "timeDelta": 0.05005005005005005,
    "startTime": 0.0,
    "fps": 30,
    "speedup": 1.5015015015015016,
    "timeSteps": 1000,
    "constant_map": {
        "I_x": 0.1083,
        "I_y": 0.1083,
        "I_z": 0.1083,
        "m": 7
    }
}